# Data obtained and re-formatted from: 
# AMO smoothed from the Kaplan SST V2 
# Calculated at NOAA/ESRL/PSD1 
# http://www.esrl.noaa.gov/psd/data/timeseries/AMO/ 
#
# The purpose of the data provided here is the reproduction
# of the results of the paper, people who want to use this
# data should obtain them for from the above mentioned website.
# Python scripts are provided to translate the raw data to the
# format provided here.
# Data are provided here with the authorisation of the provider.
 
1856.0	-99.990
1856.08333333	-99.990
1856.16666667	-99.990
1856.25	-99.990
1856.33333333	-99.990
1856.41666667	-99.990
1856.5	-99.990
1856.58333333	-99.990
1856.66666667	-99.990
1856.75	-99.990
1856.83333333	-99.990
1856.91666667	-99.990
1857.0	-99.990
1857.08333333	-99.990
1857.16666667	-99.990
1857.25	-99.990
1857.33333333	-99.990
1857.41666667	-99.990
1857.5	-99.990
1857.58333333	-99.990
1857.66666667	-99.990
1857.75	-99.990
1857.83333333	-99.990
1857.91666667	-99.990
1858.0	-99.990
1858.08333333	-99.990
1858.16666667	-99.990
1858.25	-99.990
1858.33333333	-99.990
1858.41666667	-99.990
1858.5	-99.990
1858.58333333	-99.990
1858.66666667	-99.990
1858.75	-99.990
1858.83333333	-99.990
1858.91666667	-99.990
1859.0	-99.990
1859.08333333	-99.990
1859.16666667	-99.990
1859.25	-99.990
1859.33333333	-99.990
1859.41666667	-99.990
1859.5	-99.990
1859.58333333	-99.990
1859.66666667	-99.990
1859.75	-99.990
1859.83333333	-99.990
1859.91666667	-99.990
1860.0	-99.990
1860.08333333	-99.990
1860.16666667	-99.990
1860.25	-99.990
1860.33333333	-99.990
1860.41666667	-99.990
1860.5	-99.990
1860.58333333	-99.990
1860.66666667	-99.990
1860.75	-99.990
1860.83333333	-99.990
1860.91666667	-99.990
1861.0	0.048
1861.08333333	0.047
1861.16666667	0.048
1861.25	0.047
1861.33333333	0.047
1861.41666667	0.048
1861.5	0.049
1861.58333333	0.049
1861.66666667	0.048
1861.75	0.047
1861.83333333	0.048
1861.91666667	0.049
1862.0	0.050
1862.08333333	0.051
1862.16666667	0.054
1862.25	0.057
1862.33333333	0.058
1862.41666667	0.059
1862.5	0.059
1862.58333333	0.059
1862.66666667	0.059
1862.75	0.058
1862.83333333	0.060
1862.91666667	0.061
1863.0	0.064
1863.08333333	0.067
1863.16666667	0.071
1863.25	0.073
1863.33333333	0.073
1863.41666667	0.075
1863.5	0.079
1863.58333333	0.082
1863.66666667	0.083
1863.75	0.082
1863.83333333	0.080
1863.91666667	0.079
1864.0	0.077
1864.08333333	0.079
1864.16666667	0.080
1864.25	0.082
1864.33333333	0.083
1864.41666667	0.084
1864.5	0.087
1864.58333333	0.089
1864.66666667	0.089
1864.75	0.089
1864.83333333	0.087
1864.91666667	0.086
1865.0	0.084
1865.08333333	0.083
1865.16666667	0.083
1865.25	0.081
1865.33333333	0.082
1865.41666667	0.080
1865.5	0.077
1865.58333333	0.076
1865.66666667	0.077
1865.75	0.078
1865.83333333	0.079
1865.91666667	0.080
1866.0	0.077
1866.08333333	0.076
1866.16666667	0.078
1866.25	0.080
1866.33333333	0.079
1866.41666667	0.078
1866.5	0.077
1866.58333333	0.074
1866.66666667	0.071
1866.75	0.067
1866.83333333	0.065
1866.91666667	0.064
1867.0	0.063
1867.08333333	0.062
1867.16666667	0.063
1867.25	0.063
1867.33333333	0.065
1867.41666667	0.069
1867.5	0.071
1867.58333333	0.077
1867.66666667	0.082
1867.75	0.085
1867.83333333	0.087
1867.91666667	0.089
1868.0	0.092
1868.08333333	0.094
1868.16666667	0.094
1868.25	0.094
1868.33333333	0.094
1868.41666667	0.093
1868.5	0.094
1868.58333333	0.097
1868.66666667	0.100
1868.75	0.102
1868.83333333	0.105
1868.91666667	0.107
1869.0	0.108
1869.08333333	0.109
1869.16666667	0.111
1869.25	0.112
1869.33333333	0.112
1869.41666667	0.113
1869.5	0.113
1869.58333333	0.110
1869.66666667	0.109
1869.75	0.107
1869.83333333	0.105
1869.91666667	0.101
1870.0	0.098
1870.08333333	0.097
1870.16666667	0.095
1870.25	0.094
1870.33333333	0.095
1870.41666667	0.096
1870.5	0.094
1870.58333333	0.094
1870.66666667	0.095
1870.75	0.093
1870.83333333	0.091
1870.91666667	0.088
1871.0	0.085
1871.08333333	0.084
1871.16666667	0.081
1871.25	0.079
1871.33333333	0.077
1871.41666667	0.076
1871.5	0.074
1871.58333333	0.073
1871.66666667	0.072
1871.75	0.070
1871.83333333	0.068
1871.91666667	0.066
1872.0	0.064
1872.08333333	0.063
1872.16666667	0.062
1872.25	0.060
1872.33333333	0.060
1872.41666667	0.061
1872.5	0.063
1872.58333333	0.065
1872.66666667	0.067
1872.75	0.069
1872.83333333	0.071
1872.91666667	0.073
1873.0	0.075
1873.08333333	0.078
1873.16666667	0.080
1873.25	0.083
1873.33333333	0.085
1873.41666667	0.089
1873.5	0.090
1873.58333333	0.091
1873.66666667	0.094
1873.75	0.096
1873.83333333	0.100
1873.91666667	0.104
1874.0	0.106
1874.08333333	0.110
1874.16666667	0.109
1874.25	0.109
1874.33333333	0.109
1874.41666667	0.108
1874.5	0.107
1874.58333333	0.105
1874.66666667	0.103
1874.75	0.103
1874.83333333	0.104
1874.91666667	0.105
1875.0	0.106
1875.08333333	0.108
1875.16666667	0.108
1875.25	0.108
1875.33333333	0.109
1875.41666667	0.109
1875.5	0.110
1875.58333333	0.111
1875.66666667	0.112
1875.75	0.113
1875.83333333	0.113
1875.91666667	0.111
1876.0	0.111
1876.08333333	0.114
1876.16666667	0.116
1876.25	0.117
1876.33333333	0.116
1876.41666667	0.116
1876.5	0.115
1876.58333333	0.114
1876.66666667	0.113
1876.75	0.114
1876.83333333	0.112
1876.91666667	0.112
1877.0	0.110
1877.08333333	0.110
1877.16666667	0.110
1877.25	0.109
1877.33333333	0.109
1877.41666667	0.108
1877.5	0.106
1877.58333333	0.105
1877.66666667	0.102
1877.75	0.098
1877.83333333	0.098
1877.91666667	0.098
1878.0	0.098
1878.08333333	0.097
1878.16666667	0.095
1878.25	0.095
1878.33333333	0.095
1878.41666667	0.095
1878.5	0.095
1878.58333333	0.095
1878.66666667	0.094
1878.75	0.092
1878.83333333	0.091
1878.91666667	0.092
1879.0	0.091
1879.08333333	0.089
1879.16666667	0.089
1879.25	0.090
1879.33333333	0.090
1879.41666667	0.091
1879.5	0.090
1879.58333333	0.089
1879.66666667	0.088
1879.75	0.085
1879.83333333	0.083
1879.91666667	0.082
1880.0	0.084
1880.08333333	0.086
1880.16666667	0.085
1880.25	0.083
1880.33333333	0.082
1880.41666667	0.079
1880.5	0.078
1880.58333333	0.079
1880.66666667	0.078
1880.75	0.078
1880.83333333	0.077
1880.91666667	0.078
1881.0	0.080
1881.08333333	0.083
1881.16666667	0.085
1881.25	0.087
1881.33333333	0.090
1881.41666667	0.092
1881.5	0.095
1881.58333333	0.094
1881.66666667	0.093
1881.75	0.092
1881.83333333	0.092
1881.91666667	0.093
1882.0	0.092
1882.08333333	0.091
1882.16666667	0.090
1882.25	0.088
1882.33333333	0.087
1882.41666667	0.087
1882.5	0.087
1882.58333333	0.086
1882.66666667	0.085
1882.75	0.084
1882.83333333	0.084
1882.91666667	0.083
1883.0	0.083
1883.08333333	0.082
1883.16666667	0.082
1883.25	0.080
1883.33333333	0.076
1883.41666667	0.074
1883.5	0.070
1883.58333333	0.068
1883.66666667	0.065
1883.75	0.062
1883.83333333	0.061
1883.91666667	0.059
1884.0	0.057
1884.08333333	0.056
1884.16666667	0.056
1884.25	0.059
1884.33333333	0.061
1884.41666667	0.061
1884.5	0.060
1884.58333333	0.060
1884.66666667	0.061
1884.75	0.062
1884.83333333	0.063
1884.91666667	0.063
1885.0	0.062
1885.08333333	0.062
1885.16666667	0.061
1885.25	0.059
1885.33333333	0.058
1885.41666667	0.059
1885.5	0.057
1885.58333333	0.053
1885.66666667	0.050
1885.75	0.048
1885.83333333	0.044
1885.91666667	0.040
1886.0	0.039
1886.08333333	0.037
1886.16666667	0.036
1886.25	0.036
1886.33333333	0.035
1886.41666667	0.036
1886.5	0.037
1886.58333333	0.038
1886.66666667	0.037
1886.75	0.038
1886.83333333	0.036
1886.91666667	0.039
1887.0	0.040
1887.08333333	0.043
1887.16666667	0.044
1887.25	0.045
1887.33333333	0.045
1887.41666667	0.045
1887.5	0.042
1887.58333333	0.041
1887.66666667	0.039
1887.75	0.037
1887.83333333	0.035
1887.91666667	0.033
1888.0	0.032
1888.08333333	0.032
1888.16666667	0.033
1888.25	0.033
1888.33333333	0.032
1888.41666667	0.033
1888.5	0.035
1888.58333333	0.036
1888.66666667	0.037
1888.75	0.037
1888.83333333	0.038
1888.91666667	0.037
1889.0	0.034
1889.08333333	0.033
1889.16666667	0.032
1889.25	0.031
1889.33333333	0.029
1889.41666667	0.026
1889.5	0.023
1889.58333333	0.022
1889.66666667	0.020
1889.75	0.018
1889.83333333	0.017
1889.91666667	0.018
1890.0	0.018
1890.08333333	0.018
1890.16666667	0.015
1890.25	0.013
1890.33333333	0.013
1890.41666667	0.014
1890.5	0.014
1890.58333333	0.014
1890.66666667	0.013
1890.75	0.014
1890.83333333	0.012
1890.91666667	0.012
1891.0	0.011
1891.08333333	0.010
1891.16666667	0.009
1891.25	0.008
1891.33333333	0.008
1891.41666667	0.008
1891.5	0.007
1891.58333333	0.005
1891.66666667	0.007
1891.75	0.009
1891.83333333	0.009
1891.91666667	0.010
1892.0	0.010
1892.08333333	0.012
1892.16666667	0.015
1892.25	0.018
1892.33333333	0.019
1892.41666667	0.020
1892.5	0.019
1892.58333333	0.016
1892.66666667	0.015
1892.75	0.014
1892.83333333	0.012
1892.91666667	0.010
1893.0	0.008
1893.08333333	0.007
1893.16666667	0.006
1893.25	0.004
1893.33333333	0.004
1893.41666667	0.004
1893.5	0.004
1893.58333333	0.003
1893.66666667	0.003
1893.75	0.001
1893.83333333	-0.002
1893.91666667	-0.003
1894.0	-0.004
1894.08333333	-0.007
1894.16666667	-0.009
1894.25	-0.011
1894.33333333	-0.012
1894.41666667	-0.013
1894.5	-0.014
1894.58333333	-0.013
1894.66666667	-0.012
1894.75	-0.012
1894.83333333	-0.012
1894.91666667	-0.011
1895.0	-0.009
1895.08333333	-0.008
1895.16666667	-0.007
1895.25	-0.006
1895.33333333	-0.005
1895.41666667	-0.003
1895.5	-0.002
1895.58333333	0.000
1895.66666667	0.003
1895.75	0.006
1895.83333333	0.007
1895.91666667	0.011
1896.0	0.013
1896.08333333	0.017
1896.16666667	0.019
1896.25	0.020
1896.33333333	0.019
1896.41666667	0.020
1896.5	0.020
1896.58333333	0.019
1896.66666667	0.019
1896.75	0.018
1896.83333333	0.017
1896.91666667	0.018
1897.0	0.017
1897.08333333	0.016
1897.16666667	0.015
1897.25	0.013
1897.33333333	0.012
1897.41666667	0.011
1897.5	0.010
1897.58333333	0.011
1897.66666667	0.011
1897.75	0.013
1897.83333333	0.014
1897.91666667	0.015
1898.0	0.016
1898.08333333	0.018
1898.16666667	0.018
1898.25	0.017
1898.33333333	0.018
1898.41666667	0.017
1898.5	0.015
1898.58333333	0.010
1898.66666667	0.004
1898.75	0.001
1898.83333333	-0.001
1898.91666667	-0.003
1899.0	-0.005
1899.08333333	-0.007
1899.16666667	-0.009
1899.25	-0.010
1899.33333333	-0.011
1899.41666667	-0.012
1899.5	-0.012
1899.58333333	-0.013
1899.66666667	-0.015
1899.75	-0.017
1899.83333333	-0.015
1899.91666667	-0.014
1900.0	-0.014
1900.08333333	-0.015
1900.16666667	-0.017
1900.25	-0.016
1900.33333333	-0.015
1900.41666667	-0.014
1900.5	-0.014
1900.58333333	-0.015
1900.66666667	-0.017
1900.75	-0.020
1900.83333333	-0.022
1900.91666667	-0.024
1901.0	-0.024
1901.08333333	-0.024
1901.16666667	-0.024
1901.25	-0.024
1901.33333333	-0.026
1901.41666667	-0.028
1901.5	-0.030
1901.58333333	-0.031
1901.66666667	-0.033
1901.75	-0.037
1901.83333333	-0.038
1901.91666667	-0.041
1902.0	-0.043
1902.08333333	-0.046
1902.16666667	-0.049
1902.25	-0.053
1902.33333333	-0.057
1902.41666667	-0.060
1902.5	-0.063
1902.58333333	-0.067
1902.66666667	-0.068
1902.75	-0.071
1902.83333333	-0.073
1902.91666667	-0.075
1903.0	-0.077
1903.08333333	-0.078
1903.16666667	-0.081
1903.25	-0.084
1903.33333333	-0.085
1903.41666667	-0.087
1903.5	-0.088
1903.58333333	-0.090
1903.66666667	-0.092
1903.75	-0.094
1903.83333333	-0.095
1903.91666667	-0.095
1904.0	-0.096
1904.08333333	-0.097
1904.16666667	-0.097
1904.25	-0.098
1904.33333333	-0.099
1904.41666667	-0.102
1904.5	-0.105
1904.58333333	-0.106
1904.66666667	-0.110
1904.75	-0.112
1904.83333333	-0.115
1904.91666667	-0.119
1905.0	-0.124
1905.08333333	-0.128
1905.16666667	-0.132
1905.25	-0.135
1905.33333333	-0.139
1905.41666667	-0.142
1905.5	-0.144
1905.58333333	-0.147
1905.66666667	-0.148
1905.75	-0.150
1905.83333333	-0.152
1905.91666667	-0.154
1906.0	-0.158
1906.08333333	-0.160
1906.16666667	-0.164
1906.25	-0.168
1906.33333333	-0.172
1906.41666667	-0.175
1906.5	-0.178
1906.58333333	-0.181
1906.66666667	-0.183
1906.75	-0.184
1906.83333333	-0.185
1906.91666667	-0.186
1907.0	-0.187
1907.08333333	-0.189
1907.16666667	-0.190
1907.25	-0.192
1907.33333333	-0.191
1907.41666667	-0.192
1907.5	-0.192
1907.58333333	-0.193
1907.66666667	-0.194
1907.75	-0.196
1907.83333333	-0.198
1907.91666667	-0.199
1908.0	-0.201
1908.08333333	-0.202
1908.16666667	-0.204
1908.25	-0.208
1908.33333333	-0.211
1908.41666667	-0.214
1908.5	-0.217
1908.58333333	-0.219
1908.66666667	-0.219
1908.75	-0.218
1908.83333333	-0.219
1908.91666667	-0.220
1909.0	-0.219
1909.08333333	-0.219
1909.16666667	-0.219
1909.25	-0.220
1909.33333333	-0.218
1909.41666667	-0.218
1909.5	-0.218
1909.58333333	-0.219
1909.66666667	-0.217
1909.75	-0.214
1909.83333333	-0.213
1909.91666667	-0.213
1910.0	-0.213
1910.08333333	-0.212
1910.16666667	-0.211
1910.25	-0.207
1910.33333333	-0.204
1910.41666667	-0.201
1910.5	-0.197
1910.58333333	-0.195
1910.66666667	-0.192
1910.75	-0.189
1910.83333333	-0.187
1910.91666667	-0.185
1911.0	-0.183
1911.08333333	-0.183
1911.16666667	-0.184
1911.25	-0.184
1911.33333333	-0.184
1911.41666667	-0.182
1911.5	-0.183
1911.58333333	-0.183
1911.66666667	-0.183
1911.75	-0.182
1911.83333333	-0.183
1911.91666667	-0.185
1912.0	-0.185
1912.08333333	-0.187
1912.16666667	-0.187
1912.25	-0.188
1912.33333333	-0.188
1912.41666667	-0.188
1912.5	-0.188
1912.58333333	-0.187
1912.66666667	-0.187
1912.75	-0.189
1912.83333333	-0.189
1912.91666667	-0.190
1913.0	-0.189
1913.08333333	-0.189
1913.16666667	-0.188
1913.25	-0.187
1913.33333333	-0.187
1913.41666667	-0.190
1913.5	-0.192
1913.58333333	-0.195
1913.66666667	-0.199
1913.75	-0.200
1913.83333333	-0.201
1913.91666667	-0.202
1914.0	-0.203
1914.08333333	-0.203
1914.16666667	-0.203
1914.25	-0.203
1914.33333333	-0.203
1914.41666667	-0.205
1914.5	-0.206
1914.58333333	-0.206
1914.66666667	-0.207
1914.75	-0.207
1914.83333333	-0.208
1914.91666667	-0.208
1915.0	-0.210
1915.08333333	-0.211
1915.16666667	-0.212
1915.25	-0.213
1915.33333333	-0.213
1915.41666667	-0.212
1915.5	-0.211
1915.58333333	-0.211
1915.66666667	-0.212
1915.75	-0.213
1915.83333333	-0.215
1915.91666667	-0.217
1916.0	-0.217
1916.08333333	-0.217
1916.16666667	-0.218
1916.25	-0.218
1916.33333333	-0.217
1916.41666667	-0.216
1916.5	-0.215
1916.58333333	-0.216
1916.66666667	-0.217
1916.75	-0.217
1916.83333333	-0.218
1916.91666667	-0.217
1917.0	-0.217
1917.08333333	-0.217
1917.16666667	-0.218
1917.25	-0.220
1917.33333333	-0.221
1917.41666667	-0.223
1917.5	-0.224
1917.58333333	-0.225
1917.66666667	-0.225
1917.75	-0.225
1917.83333333	-0.226
1917.91666667	-0.227
1918.0	-0.228
1918.08333333	-0.229
1918.16666667	-0.231
1918.25	-0.232
1918.33333333	-0.231
1918.41666667	-0.230
1918.5	-0.228
1918.58333333	-0.228
1918.66666667	-0.227
1918.75	-0.226
1918.83333333	-0.225
1918.91666667	-0.221
1919.0	-0.220
1919.08333333	-0.219
1919.16666667	-0.218
1919.25	-0.215
1919.33333333	-0.211
1919.41666667	-0.210
1919.5	-0.208
1919.58333333	-0.205
1919.66666667	-0.204
1919.75	-0.204
1919.83333333	-0.206
1919.91666667	-0.207
1920.0	-0.208
1920.08333333	-0.209
1920.16666667	-0.210
1920.25	-0.212
1920.33333333	-0.213
1920.41666667	-0.216
1920.5	-0.220
1920.58333333	-0.224
1920.66666667	-0.227
1920.75	-0.229
1920.83333333	-0.231
1920.91666667	-0.230
1921.0	-0.230
1921.08333333	-0.229
1921.16666667	-0.228
1921.25	-0.226
1921.33333333	-0.224
1921.41666667	-0.223
1921.5	-0.223
1921.58333333	-0.221
1921.66666667	-0.221
1921.75	-0.220
1921.83333333	-0.219
1921.91666667	-0.216
1922.0	-0.214
1922.08333333	-0.211
1922.16666667	-0.207
1922.25	-0.203
1922.33333333	-0.199
1922.41666667	-0.196
1922.5	-0.193
1922.58333333	-0.190
1922.66666667	-0.188
1922.75	-0.184
1922.83333333	-0.180
1922.91666667	-0.178
1923.0	-0.176
1923.08333333	-0.176
1923.16666667	-0.175
1923.25	-0.175
1923.33333333	-0.174
1923.41666667	-0.171
1923.5	-0.167
1923.58333333	-0.163
1923.66666667	-0.159
1923.75	-0.156
1923.83333333	-0.154
1923.91666667	-0.152
1924.0	-0.151
1924.08333333	-0.150
1924.16666667	-0.151
1924.25	-0.149
1924.33333333	-0.150
1924.41666667	-0.150
1924.5	-0.149
1924.58333333	-0.148
1924.66666667	-0.147
1924.75	-0.146
1924.83333333	-0.146
1924.91666667	-0.146
1925.0	-0.144
1925.08333333	-0.142
1925.16666667	-0.139
1925.25	-0.137
1925.33333333	-0.136
1925.41666667	-0.134
1925.5	-0.131
1925.58333333	-0.128
1925.66666667	-0.124
1925.75	-0.120
1925.83333333	-0.116
1925.91666667	-0.111
1926.0	-0.108
1926.08333333	-0.105
1926.16666667	-0.102
1926.25	-0.098
1926.33333333	-0.094
1926.41666667	-0.089
1926.5	-0.086
1926.58333333	-0.084
1926.66666667	-0.079
1926.75	-0.075
1926.83333333	-0.074
1926.91666667	-0.070
1927.0	-0.068
1927.08333333	-0.064
1927.16666667	-0.060
1927.25	-0.056
1927.33333333	-0.051
1927.41666667	-0.047
1927.5	-0.042
1927.58333333	-0.035
1927.66666667	-0.030
1927.75	-0.025
1927.83333333	-0.021
1927.91666667	-0.018
1928.0	-0.014
1928.08333333	-0.010
1928.16666667	-0.006
1928.25	-0.000
1928.33333333	0.005
1928.41666667	0.010
1928.5	0.015
1928.58333333	0.020
1928.66666667	0.025
1928.75	0.031
1928.83333333	0.034
1928.91666667	0.036
1929.0	0.035
1929.08333333	0.035
1929.16666667	0.035
1929.25	0.035
1929.33333333	0.034
1929.41666667	0.034
1929.5	0.036
1929.58333333	0.038
1929.66666667	0.040
1929.75	0.043
1929.83333333	0.045
1929.91666667	0.048
1930.0	0.051
1930.08333333	0.052
1930.16666667	0.054
1930.25	0.056
1930.33333333	0.059
1930.41666667	0.060
1930.5	0.062
1930.58333333	0.064
1930.66666667	0.064
1930.75	0.065
1930.83333333	0.066
1930.91666667	0.068
1931.0	0.069
1931.08333333	0.070
1931.16666667	0.071
1931.25	0.072
1931.33333333	0.072
1931.41666667	0.073
1931.5	0.074
1931.58333333	0.075
1931.66666667	0.076
1931.75	0.076
1931.83333333	0.075
1931.91666667	0.075
1932.0	0.075
1932.08333333	0.075
1932.16666667	0.075
1932.25	0.075
1932.33333333	0.076
1932.41666667	0.078
1932.5	0.082
1932.58333333	0.085
1932.66666667	0.088
1932.75	0.090
1932.83333333	0.090
1932.91666667	0.092
1933.0	0.094
1933.08333333	0.096
1933.16666667	0.098
1933.25	0.101
1933.33333333	0.103
1933.41666667	0.105
1933.5	0.106
1933.58333333	0.107
1933.66666667	0.109
1933.75	0.111
1933.83333333	0.114
1933.91666667	0.116
1934.0	0.118
1934.08333333	0.119
1934.16666667	0.120
1934.25	0.121
1934.33333333	0.122
1934.41666667	0.125
1934.5	0.129
1934.58333333	0.133
1934.66666667	0.137
1934.75	0.137
1934.83333333	0.137
1934.91666667	0.137
1935.0	0.139
1935.08333333	0.138
1935.16666667	0.139
1935.25	0.139
1935.33333333	0.141
1935.41666667	0.142
1935.5	0.143
1935.58333333	0.144
1935.66666667	0.143
1935.75	0.140
1935.83333333	0.138
1935.91666667	0.135
1936.0	0.134
1936.08333333	0.133
1936.16666667	0.134
1936.25	0.133
1936.33333333	0.132
1936.41666667	0.130
1936.5	0.129
1936.58333333	0.130
1936.66666667	0.131
1936.75	0.132
1936.83333333	0.133
1936.91666667	0.135
1937.0	0.135
1937.08333333	0.135
1937.16666667	0.134
1937.25	0.134
1937.33333333	0.134
1937.41666667	0.135
1937.5	0.134
1937.58333333	0.133
1937.66666667	0.131
1937.75	0.130
1937.83333333	0.130
1937.91666667	0.129
1938.0	0.130
1938.08333333	0.130
1938.16666667	0.128
1938.25	0.126
1938.33333333	0.123
1938.41666667	0.120
1938.5	0.118
1938.58333333	0.116
1938.66666667	0.114
1938.75	0.113
1938.83333333	0.111
1938.91666667	0.113
1939.0	0.115
1939.08333333	0.119
1939.16666667	0.124
1939.25	0.128
1939.33333333	0.131
1939.41666667	0.135
1939.5	0.138
1939.58333333	0.140
1939.66666667	0.143
1939.75	0.145
1939.83333333	0.146
1939.91666667	0.148
1940.0	0.150
1940.08333333	0.152
1940.16666667	0.157
1940.25	0.161
1940.33333333	0.163
1940.41666667	0.164
1940.5	0.163
1940.58333333	0.164
1940.66666667	0.164
1940.75	0.166
1940.83333333	0.167
1940.91666667	0.168
1941.0	0.170
1941.08333333	0.170
1941.16666667	0.170
1941.25	0.169
1941.33333333	0.168
1941.41666667	0.166
1941.5	0.163
1941.58333333	0.160
1941.66666667	0.158
1941.75	0.156
1941.83333333	0.155
1941.91666667	0.154
1942.0	0.153
1942.08333333	0.151
1942.16666667	0.150
1942.25	0.148
1942.33333333	0.146
1942.41666667	0.144
1942.5	0.139
1942.58333333	0.133
1942.66666667	0.128
1942.75	0.123
1942.83333333	0.121
1942.91666667	0.119
1943.0	0.116
1943.08333333	0.114
1943.16666667	0.113
1943.25	0.111
1943.33333333	0.109
1943.41666667	0.108
1943.5	0.106
1943.58333333	0.104
1943.66666667	0.101
1943.75	0.099
1943.83333333	0.097
1943.91666667	0.095
1944.0	0.094
1944.08333333	0.095
1944.16666667	0.094
1944.25	0.095
1944.33333333	0.094
1944.41666667	0.094
1944.5	0.093
1944.58333333	0.091
1944.66666667	0.089
1944.75	0.087
1944.83333333	0.088
1944.91666667	0.090
1945.0	0.092
1945.08333333	0.091
1945.16666667	0.092
1945.25	0.092
1945.33333333	0.092
1945.41666667	0.092
1945.5	0.091
1945.58333333	0.090
1945.66666667	0.090
1945.75	0.089
1945.83333333	0.090
1945.91666667	0.092
1946.0	0.094
1946.08333333	0.094
1946.16666667	0.094
1946.25	0.094
1946.33333333	0.095
1946.41666667	0.097
1946.5	0.101
1946.58333333	0.102
1946.66666667	0.102
1946.75	0.102
1946.83333333	0.100
1946.91666667	0.098
1947.0	0.097
1947.08333333	0.097
1947.16666667	0.098
1947.25	0.098
1947.33333333	0.097
1947.41666667	0.099
1947.5	0.100
1947.58333333	0.102
1947.66666667	0.104
1947.75	0.105
1947.83333333	0.106
1947.91666667	0.107
1948.0	0.108
1948.08333333	0.109
1948.16666667	0.109
1948.25	0.113
1948.33333333	0.117
1948.41666667	0.120
1948.5	0.123
1948.58333333	0.125
1948.66666667	0.128
1948.75	0.128
1948.83333333	0.130
1948.91666667	0.131
1949.0	0.131
1949.08333333	0.129
1949.16666667	0.127
1949.25	0.123
1949.33333333	0.121
1949.41666667	0.120
1949.5	0.117
1949.58333333	0.114
1949.66666667	0.110
1949.75	0.106
1949.83333333	0.103
1949.91666667	0.100
1950.0	0.099
1950.08333333	0.097
1950.16666667	0.094
1950.25	0.092
1950.33333333	0.090
1950.41666667	0.089
1950.5	0.090
1950.58333333	0.091
1950.66666667	0.091
1950.75	0.093
1950.83333333	0.095
1950.91666667	0.096
1951.0	0.096
1951.08333333	0.095
1951.16666667	0.093
1951.25	0.093
1951.33333333	0.092
1951.41666667	0.089
1951.5	0.089
1951.58333333	0.090
1951.66666667	0.091
1951.75	0.090
1951.83333333	0.090
1951.91666667	0.091
1952.0	0.090
1952.08333333	0.091
1952.16666667	0.092
1952.25	0.092
1952.33333333	0.092
1952.41666667	0.093
1952.5	0.094
1952.58333333	0.097
1952.66666667	0.100
1952.75	0.102
1952.83333333	0.103
1952.91666667	0.103
1953.0	0.103
1953.08333333	0.105
1953.16666667	0.108
1953.25	0.111
1953.33333333	0.113
1953.41666667	0.115
1953.5	0.116
1953.58333333	0.117
1953.66666667	0.119
1953.75	0.121
1953.83333333	0.122
1953.91666667	0.123
1954.0	0.123
1954.08333333	0.123
1954.16666667	0.122
1954.25	0.121
1954.33333333	0.120
1954.41666667	0.120
1954.5	0.120
1954.58333333	0.119
1954.66666667	0.120
1954.75	0.120
1954.83333333	0.119
1954.91666667	0.120
1955.0	0.120
1955.08333333	0.121
1955.16666667	0.122
1955.25	0.124
1955.33333333	0.127
1955.41666667	0.130
1955.5	0.133
1955.58333333	0.136
1955.66666667	0.138
1955.75	0.140
1955.83333333	0.143
1955.91666667	0.143
1956.0	0.143
1956.08333333	0.143
1956.16666667	0.144
1956.25	0.146
1956.33333333	0.146
1956.41666667	0.145
1956.5	0.142
1956.58333333	0.139
1956.66666667	0.137
1956.75	0.135
1956.83333333	0.133
1956.91666667	0.133
1957.0	0.133
1957.08333333	0.133
1957.16666667	0.133
1957.25	0.132
1957.33333333	0.130
1957.41666667	0.128
1957.5	0.125
1957.58333333	0.121
1957.66666667	0.118
1957.75	0.116
1957.83333333	0.113
1957.91666667	0.112
1958.0	0.111
1958.08333333	0.110
1958.16666667	0.110
1958.25	0.109
1958.33333333	0.106
1958.41666667	0.103
1958.5	0.100
1958.58333333	0.097
1958.66666667	0.093
1958.75	0.090
1958.83333333	0.088
1958.91666667	0.086
1959.0	0.083
1959.08333333	0.081
1959.16666667	0.081
1959.25	0.079
1959.33333333	0.079
1959.41666667	0.079
1959.5	0.077
1959.58333333	0.075
1959.66666667	0.073
1959.75	0.071
1959.83333333	0.070
1959.91666667	0.069
1960.0	0.068
1960.08333333	0.066
1960.16666667	0.065
1960.25	0.064
1960.33333333	0.062
1960.41666667	0.060
1960.5	0.057
1960.58333333	0.053
1960.66666667	0.049
1960.75	0.046
1960.83333333	0.041
1960.91666667	0.037
1961.0	0.034
1961.08333333	0.032
1961.16666667	0.032
1961.25	0.032
1961.33333333	0.031
1961.41666667	0.031
1961.5	0.033
1961.58333333	0.033
1961.66666667	0.034
1961.75	0.035
1961.83333333	0.035
1961.91666667	0.037
1962.0	0.037
1962.08333333	0.039
1962.16666667	0.039
1962.25	0.039
1962.33333333	0.038
1962.41666667	0.037
1962.5	0.035
1962.58333333	0.034
1962.66666667	0.031
1962.75	0.029
1962.83333333	0.025
1962.91666667	0.023
1963.0	0.021
1963.08333333	0.019
1963.16666667	0.015
1963.25	0.011
1963.33333333	0.007
1963.41666667	0.003
1963.5	-0.000
1963.58333333	-0.003
1963.66666667	-0.006
1963.75	-0.009
1963.83333333	-0.011
1963.91666667	-0.013
1964.0	-0.016
1964.08333333	-0.016
1964.16666667	-0.015
1964.25	-0.014
1964.33333333	-0.013
1964.41666667	-0.013
1964.5	-0.012
1964.58333333	-0.013
1964.66666667	-0.014
1964.75	-0.016
1964.83333333	-0.018
1964.91666667	-0.019
1965.0	-0.020
1965.08333333	-0.022
1965.16666667	-0.023
1965.25	-0.024
1965.33333333	-0.025
1965.41666667	-0.029
1965.5	-0.034
1965.58333333	-0.037
1965.66666667	-0.041
1965.75	-0.044
1965.83333333	-0.049
1965.91666667	-0.052
1966.0	-0.056
1966.08333333	-0.059
1966.16666667	-0.062
1966.25	-0.066
1966.33333333	-0.071
1966.41666667	-0.076
1966.5	-0.079
1966.58333333	-0.082
1966.66666667	-0.086
1966.75	-0.088
1966.83333333	-0.090
1966.91666667	-0.093
1967.0	-0.097
1967.08333333	-0.102
1967.16666667	-0.107
1967.25	-0.111
1967.33333333	-0.115
1967.41666667	-0.120
1967.5	-0.122
1967.58333333	-0.125
1967.66666667	-0.127
1967.75	-0.130
1967.83333333	-0.132
1967.91666667	-0.136
1968.0	-0.140
1968.08333333	-0.145
1968.16666667	-0.149
1968.25	-0.152
1968.33333333	-0.155
1968.41666667	-0.155
1968.5	-0.156
1968.58333333	-0.157
1968.66666667	-0.157
1968.75	-0.157
1968.83333333	-0.158
1968.91666667	-0.160
1969.0	-0.162
1969.08333333	-0.163
1969.16666667	-0.167
1969.25	-0.172
1969.33333333	-0.174
1969.41666667	-0.178
1969.5	-0.183
1969.58333333	-0.185
1969.66666667	-0.188
1969.75	-0.190
1969.83333333	-0.191
1969.91666667	-0.193
1970.0	-0.194
1970.08333333	-0.195
1970.16666667	-0.196
1970.25	-0.199
1970.33333333	-0.201
1970.41666667	-0.203
1970.5	-0.204
1970.58333333	-0.204
1970.66666667	-0.205
1970.75	-0.206
1970.83333333	-0.207
1970.91666667	-0.207
1971.0	-0.209
1971.08333333	-0.212
1971.16666667	-0.216
1971.25	-0.220
1971.33333333	-0.224
1971.41666667	-0.228
1971.5	-0.230
1971.58333333	-0.231
1971.66666667	-0.233
1971.75	-0.235
1971.83333333	-0.239
1971.91666667	-0.242
1972.0	-0.246
1972.08333333	-0.250
1972.16666667	-0.252
1972.25	-0.253
1972.33333333	-0.255
1972.41666667	-0.254
1972.5	-0.253
1972.58333333	-0.252
1972.66666667	-0.252
1972.75	-0.253
1972.83333333	-0.254
1972.91666667	-0.254
1973.0	-0.253
1973.08333333	-0.252
1973.16666667	-0.252
1973.25	-0.252
1973.33333333	-0.252
1973.41666667	-0.254
1973.5	-0.254
1973.58333333	-0.254
1973.66666667	-0.254
1973.75	-0.254
1973.83333333	-0.254
1973.91666667	-0.255
1974.0	-0.255
1974.08333333	-0.256
1974.16666667	-0.259
1974.25	-0.263
1974.33333333	-0.265
1974.41666667	-0.265
1974.5	-0.266
1974.58333333	-0.268
1974.66666667	-0.268
1974.75	-0.268
1974.83333333	-0.267
1974.91666667	-0.266
1975.0	-0.266
1975.08333333	-0.267
1975.16666667	-0.267
1975.25	-0.267
1975.33333333	-0.267
1975.41666667	-0.265
1975.5	-0.263
1975.58333333	-0.261
1975.66666667	-0.260
1975.75	-0.260
1975.83333333	-0.260
1975.91666667	-0.260
1976.0	-0.259
1976.08333333	-0.259
1976.16666667	-0.256
1976.25	-0.254
1976.33333333	-0.252
1976.41666667	-0.249
1976.5	-0.247
1976.58333333	-0.245
1976.66666667	-0.242
1976.75	-0.240
1976.83333333	-0.239
1976.91666667	-0.237
1977.0	-0.235
1977.08333333	-0.233
1977.16666667	-0.231
1977.25	-0.229
1977.33333333	-0.228
1977.41666667	-0.225
1977.5	-0.223
1977.58333333	-0.222
1977.66666667	-0.222
1977.75	-0.222
1977.83333333	-0.223
1977.91666667	-0.224
1978.0	-0.223
1978.08333333	-0.221
1978.16666667	-0.217
1978.25	-0.214
1978.33333333	-0.212
1978.41666667	-0.211
1978.5	-0.210
1978.58333333	-0.210
1978.66666667	-0.211
1978.75	-0.211
1978.83333333	-0.211
1978.91666667	-0.209
1979.0	-0.208
1979.08333333	-0.206
1979.16666667	-0.205
1979.25	-0.203
1979.33333333	-0.200
1979.41666667	-0.198
1979.5	-0.196
1979.58333333	-0.194
1979.66666667	-0.192
1979.75	-0.190
1979.83333333	-0.190
1979.91666667	-0.189
1980.0	-0.189
1980.08333333	-0.189
1980.16666667	-0.189
1980.25	-0.190
1980.33333333	-0.190
1980.41666667	-0.188
1980.5	-0.186
1980.58333333	-0.186
1980.66666667	-0.187
1980.75	-0.186
1980.83333333	-0.185
1980.91666667	-0.185
1981.0	-0.185
1981.08333333	-0.184
1981.16666667	-0.183
1981.25	-0.182
1981.33333333	-0.180
1981.41666667	-0.178
1981.5	-0.176
1981.58333333	-0.176
1981.66666667	-0.176
1981.75	-0.177
1981.83333333	-0.178
1981.91666667	-0.177
1982.0	-0.176
1982.08333333	-0.175
1982.16666667	-0.172
1982.25	-0.170
1982.33333333	-0.168
1982.41666667	-0.165
1982.5	-0.162
1982.58333333	-0.158
1982.66666667	-0.155
1982.75	-0.153
1982.83333333	-0.152
1982.91666667	-0.150
1983.0	-0.149
1983.08333333	-0.149
1983.16666667	-0.148
1983.25	-0.146
1983.33333333	-0.143
1983.41666667	-0.140
1983.5	-0.136
1983.58333333	-0.134
1983.66666667	-0.133
1983.75	-0.133
1983.83333333	-0.132
1983.91666667	-0.133
1984.0	-0.133
1984.08333333	-0.133
1984.16666667	-0.133
1984.25	-0.134
1984.33333333	-0.133
1984.41666667	-0.131
1984.5	-0.130
1984.58333333	-0.128
1984.66666667	-0.128
1984.75	-0.128
1984.83333333	-0.128
1984.91666667	-0.129
1985.0	-0.131
1985.08333333	-0.132
1985.16666667	-0.133
1985.25	-0.133
1985.33333333	-0.133
1985.41666667	-0.135
1985.5	-0.136
1985.58333333	-0.136
1985.66666667	-0.135
1985.75	-0.134
1985.83333333	-0.134
1985.91666667	-0.132
1986.0	-0.132
1986.08333333	-0.131
1986.16666667	-0.131
1986.25	-0.132
1986.33333333	-0.132
1986.41666667	-0.133
1986.5	-0.133
1986.58333333	-0.133
1986.66666667	-0.133
1986.75	-0.135
1986.83333333	-0.135
1986.91666667	-0.136
1987.0	-0.137
1987.08333333	-0.138
1987.16666667	-0.138
1987.25	-0.139
1987.33333333	-0.139
1987.41666667	-0.139
1987.5	-0.139
1987.58333333	-0.140
1987.66666667	-0.141
1987.75	-0.141
1987.83333333	-0.141
1987.91666667	-0.140
1988.0	-0.138
1988.08333333	-0.138
1988.16666667	-0.139
1988.25	-0.141
1988.33333333	-0.143
1988.41666667	-0.144
1988.5	-0.146
1988.58333333	-0.148
1988.66666667	-0.148
1988.75	-0.148
1988.83333333	-0.149
1988.91666667	-0.150
1989.0	-0.153
1989.08333333	-0.155
1989.16666667	-0.156
1989.25	-0.157
1989.33333333	-0.157
1989.41666667	-0.158
1989.5	-0.157
1989.58333333	-0.157
1989.66666667	-0.156
1989.75	-0.155
1989.83333333	-0.153
1989.91666667	-0.150
1990.0	-0.148
1990.08333333	-0.145
1990.16666667	-0.142
1990.25	-0.139
1990.33333333	-0.133
1990.41666667	-0.128
1990.5	-0.124
1990.58333333	-0.121
1990.66666667	-0.119
1990.75	-0.116
1990.83333333	-0.113
1990.91666667	-0.110
1991.0	-0.107
1991.08333333	-0.105
1991.16666667	-0.103
1991.25	-0.101
1991.33333333	-0.099
1991.41666667	-0.098
1991.5	-0.097
1991.58333333	-0.095
1991.66666667	-0.093
1991.75	-0.092
1991.83333333	-0.091
1991.91666667	-0.089
1992.0	-0.087
1992.08333333	-0.085
1992.16666667	-0.083
1992.25	-0.083
1992.33333333	-0.083
1992.41666667	-0.083
1992.5	-0.084
1992.58333333	-0.087
1992.66666667	-0.088
1992.75	-0.089
1992.83333333	-0.089
1992.91666667	-0.087
1993.0	-0.086
1993.08333333	-0.084
1993.16666667	-0.080
1993.25	-0.078
1993.33333333	-0.075
1993.41666667	-0.072
1993.5	-0.069
1993.58333333	-0.066
1993.66666667	-0.063
1993.75	-0.059
1993.83333333	-0.055
1993.91666667	-0.051
1994.0	-0.050
1994.08333333	-0.047
1994.16666667	-0.045
1994.25	-0.043
1994.33333333	-0.039
1994.41666667	-0.037
1994.5	-0.036
1994.58333333	-0.035
1994.66666667	-0.034
1994.75	-0.033
1994.83333333	-0.033
1994.91666667	-0.031
1995.0	-0.031
1995.08333333	-0.029
1995.16666667	-0.026
1995.25	-0.025
1995.33333333	-0.023
1995.41666667	-0.023
1995.5	-0.022
1995.58333333	-0.021
1995.66666667	-0.020
1995.75	-0.022
1995.83333333	-0.023
1995.91666667	-0.024
1996.0	-0.025
1996.08333333	-0.023
1996.16666667	-0.022
1996.25	-0.022
1996.33333333	-0.021
1996.41666667	-0.018
1996.5	-0.016
1996.58333333	-0.013
1996.66666667	-0.010
1996.75	-0.008
1996.83333333	-0.004
1996.91666667	-0.000
1997.0	0.003
1997.08333333	0.006
1997.16666667	0.008
1997.25	0.009
1997.33333333	0.010
1997.41666667	0.011
1997.5	0.011
1997.58333333	0.014
1997.66666667	0.018
1997.75	0.022
1997.83333333	0.024
1997.91666667	0.027
1998.0	0.030
1998.08333333	0.032
1998.16666667	0.034
1998.25	0.037
1998.33333333	0.040
1998.41666667	0.043
1998.5	0.046
1998.58333333	0.052
1998.66666667	0.058
1998.75	0.063
1998.83333333	0.067
1998.91666667	0.071
1999.0	0.075
1999.08333333	0.079
1999.16666667	0.083
1999.25	0.086
1999.33333333	0.088
1999.41666667	0.091
1999.5	0.095
1999.58333333	0.099
1999.66666667	0.103
1999.75	0.107
1999.83333333	0.109
1999.91666667	0.111
2000.0	0.112
2000.08333333	0.114
2000.16666667	0.117
2000.25	0.119
2000.33333333	0.121
2000.41666667	0.121
2000.5	0.122
2000.58333333	0.123
2000.66666667	0.125
2000.75	0.126
2000.83333333	0.127
2000.91666667	0.127
2001.0	0.128
2001.08333333	0.129
2001.16666667	0.129
2001.25	0.132
2001.33333333	0.134
2001.41666667	0.137
2001.5	0.141
2001.58333333	0.146
2001.66666667	0.149
2001.75	0.151
2001.83333333	0.155
2001.91666667	0.158
2002.0	0.161
2002.08333333	0.163
2002.16666667	0.164
2002.25	0.166
2002.33333333	0.167
2002.41666667	0.167
2002.5	0.168
2002.58333333	0.168
2002.66666667	0.169
2002.75	0.169
2002.83333333	0.169
2002.91666667	0.170
2003.0	0.169
2003.08333333	0.169
2003.16666667	0.168
2003.25	0.166
2003.33333333	0.165
2003.41666667	0.163
2003.5	0.161
2003.58333333	0.159
2003.66666667	0.156
2003.75	0.153
2003.83333333	0.150
2003.91666667	0.148
2004.0	0.145
2004.08333333	0.143
2004.16666667	0.141
2004.25	0.140
2004.33333333	0.139
2004.41666667	0.139
2004.5	0.139
2004.58333333	0.139
2004.66666667	0.137
2004.75	0.136
2004.83333333	0.137
2004.91666667	0.138
2005.0	0.138
2005.08333333	0.140
2005.16666667	0.143
2005.25	0.146
2005.33333333	0.149
2005.41666667	0.152
2005.5	0.156
2005.58333333	0.159
2005.66666667	0.162
2005.75	0.164
2005.83333333	0.166
2005.91666667	0.169
2006.0	0.171
2006.08333333	0.173
2006.16666667	0.173
2006.25	0.174
2006.33333333	0.175
2006.41666667	0.177
2006.5	0.176
2006.58333333	0.176
2006.66666667	0.176
2006.75	0.174
2006.83333333	0.171
2006.91666667	0.170
2007.0	0.168
2007.08333333	0.166
2007.16666667	0.165
2007.25	0.164
2007.33333333	0.166
2007.41666667	0.168
2007.5	0.172
2007.58333333	0.177
2007.66666667	0.179
2007.75	0.181
2007.83333333	0.182
2007.91666667	0.183
2008.0	0.184
2008.08333333	0.184
2008.16666667	0.186
2008.25	0.186
2008.33333333	0.186
2008.41666667	0.185
2008.5	0.185
2008.58333333	0.185
2008.66666667	0.183
2008.75	0.182
2008.83333333	0.180
2008.91666667	0.178
2009.0	0.176
2009.08333333	0.174
2009.16666667	0.172
2009.25	0.169
2009.33333333	0.169
2009.41666667	0.169
2009.5	0.169
2009.58333333	0.170
2009.66666667	0.170
2009.75	0.171
2009.83333333	0.169
2009.91666667	0.168
2010.0	0.166
2010.08333333	0.165
2010.16666667	0.163
2010.25	0.160
2010.33333333	0.158
2010.41666667	0.156
2010.5	0.154
2010.58333333	0.152
2010.66666667	0.151
2010.75	0.150
2010.83333333	0.150
2010.91666667	0.151
2011.0	0.151
2011.08333333	0.151
2011.16666667	0.152
2011.25	0.153
2011.33333333	0.154
2011.41666667	0.155
2011.5	0.156
2011.58333333	0.156
2011.66666667	0.157
2011.75	0.157
2011.83333333	0.157
2011.91666667	0.158
2012.0	0.158
2012.08333333	0.159
2012.16666667	0.158
2012.25	0.160
2012.33333333	0.161
2012.41666667	0.162
2012.5	0.164
2012.58333333	0.166
2012.66666667	0.168
2012.75	0.171
2012.83333333	0.173
2012.91666667	0.174
2013.0	0.175
2013.08333333	0.175
2013.16666667	0.175
2013.25	0.174
2013.33333333	0.174
2013.41666667	0.172
2013.5	0.170
2013.58333333	0.169
2013.66666667	0.169
2013.75	0.169
2013.83333333	0.167
2013.91666667	0.167
2014.0	0.166
2014.08333333	-99.990
2014.16666667	-99.990
2014.25	-99.990
2014.33333333	-99.990
2014.41666667	-99.990
2014.5	-99.990
2014.58333333	-99.990
2014.66666667	-99.990
2014.75	-99.990
2014.83333333	-99.990
2014.91666667	-99.990
2015.0	-99.990
2015.08333333	-99.990
2015.16666667	-99.990
2015.25	-99.990
2015.33333333	-99.990
2015.41666667	-99.990
2015.5	-99.990
2015.58333333	-99.990
2015.66666667	-99.990
2015.75	-99.990
2015.83333333	-99.990
2015.91666667	-99.990
2016.0	-99.990
2016.08333333	-99.990
2016.16666667	-99.990
2016.25	-99.990
2016.33333333	-99.990
2016.41666667	-99.990
2016.5	-99.990
2016.58333333	-99.990
2016.66666667	-99.990
2016.75	-99.990
2016.83333333	-99.990
2016.91666667	-99.990
2017.0	-99.990
2017.08333333	-99.990
2017.16666667	-99.990
2017.25	-99.990
2017.33333333	-99.990
2017.41666667	-99.990
2017.5	-99.990
2017.58333333	-99.990
2017.66666667	-99.990
2017.75	-99.990
2017.83333333	-99.990
2017.91666667	-99.990
2018.0	-99.990
2018.08333333	-99.990
2018.16666667	-99.990
2018.25	-99.990
2018.33333333	-99.990
2018.41666667	-99.990
2018.5	-99.990
2018.58333333	-99.990
2018.66666667	-99.990
2018.75	-99.990
2018.83333333	-99.990
2018.91666667	-99.990
2019.0	-99.990
2019.08333333	-99.990
2019.16666667	-99.990
2019.25	-99.990
2019.33333333	-99.990
2019.41666667	-99.990
2019.5	-99.990
2019.58333333	-99.990
2019.66666667	-99.990
2019.75	-99.990
2019.83333333	-99.990
2019.91666667	-99.990
