# Data obtained and re-formatted from:
# NAO from CRU
# https://crudata.uea.ac.uk/cru/data/nao/nao.dat
# https://www.esrl.noaa.gov/psd/gcos_wgsp/Timeseries/NAO/
# updated Jun 2018
#
# The purpose of the data provided here is the reproduction
# of the results of the paper, people who want to use this
# data should obtain them for from the above mentioned website.
# Python scripts are provided to translate the raw data to the
# format provided here.
# Data are provided here with the authorisation of the provider.

1821.0	-99.99
1821.08333333	-99.99
1821.16666667	-99.99
1821.25	-99.99
1821.33333333	-99.99
1821.41666667	-99.99
1821.5	-2.62
1821.58333333	-0.14
1821.66666667	-99.99
1821.75	-99.99
1821.83333333	-99.99
1821.91666667	-99.99
1822.0	-99.99
1822.08333333	-99.99
1822.16666667	2.99
1822.25	-3.19
1822.33333333	0.59
1822.41666667	-0.86
1822.5	-4.05
1822.58333333	-0.19
1822.66666667	-1.09
1822.75	-2.00
1822.83333333	-0.05
1822.91666667	-0.73
1823.0	-3.39
1823.08333333	-99.99
1823.16666667	-99.99
1823.25	-99.99
1823.33333333	4.65
1823.41666667	-0.83
1823.5	0.58
1823.58333333	2.90
1823.66666667	0.67
1823.75	-1.39
1823.83333333	-0.76
1823.91666667	-0.20
1824.0	-0.16
1824.08333333	0.25
1824.16666667	-1.44
1824.25	1.46
1824.33333333	1.34
1824.41666667	-3.94
1824.5	-2.75
1824.58333333	-0.08
1824.66666667	0.19
1824.75	-99.99
1824.83333333	-0.70
1824.91666667	-0.01
1825.0	-0.23
1825.08333333	0.21
1825.16666667	0.33
1825.25	-0.28
1825.33333333	0.13
1825.41666667	0.41
1825.5	-0.92
1825.58333333	1.43
1825.66666667	-0.95
1825.75	1.98
1825.83333333	1.06
1825.91666667	-1.31
1826.0	-3.05
1826.08333333	4.87
1826.16666667	-0.97
1826.25	1.78
1826.33333333	-1.20
1826.41666667	0.83
1826.5	1.89
1826.58333333	2.72
1826.66666667	-0.76
1826.75	0.18
1826.83333333	-2.41
1826.91666667	-0.59
1827.0	-0.45
1827.08333333	-3.72
1827.16666667	1.83
1827.25	-0.83
1827.33333333	1.20
1827.41666667	-0.07
1827.5	2.02
1827.58333333	-3.56
1827.66666667	-0.07
1827.75	-3.02
1827.83333333	-1.42
1827.91666667	2.70
1828.0	1.27
1828.08333333	0.37
1828.16666667	-0.18
1828.25	0.04
1828.33333333	-1.59
1828.41666667	-1.33
1828.5	-4.40
1828.58333333	-2.54
1828.66666667	-2.78
1828.75	0.10
1828.83333333	-2.57
1828.91666667	3.04
1829.0	-2.48
1829.08333333	0.32
1829.16666667	-2.54
1829.25	0.12
1829.33333333	1.80
1829.41666667	-0.10
1829.5	0.33
1829.58333333	0.77
1829.66666667	0.78
1829.75	0.71
1829.83333333	-0.33
1829.91666667	-0.43
1830.0	-2.33
1830.08333333	1.20
1830.16666667	3.58
1830.25	3.08
1830.33333333	-0.05
1830.41666667	-0.85
1830.5	3.19
1830.58333333	-0.35
1830.66666667	2.04
1830.75	2.04
1830.83333333	2.19
1830.91666667	-3.13
1831.0	-2.91
1831.08333333	1.40
1831.16666667	1.48
1831.25	-3.15
1831.33333333	-2.47
1831.41666667	-1.36
1831.5	2.71
1831.58333333	-3.04
1831.66666667	-1.53
1831.75	0.85
1831.83333333	0.26
1831.91666667	0.36
1832.0	-0.04
1832.08333333	0.83
1832.16666667	2.12
1832.25	-1.51
1832.33333333	-1.96
1832.41666667	-3.62
1832.5	-2.57
1832.58333333	0.92
1832.66666667	1.45
1832.75	2.25
1832.83333333	0.62
1832.91666667	3.32
1833.0	-0.36
1833.08333333	2.52
1833.16666667	-2.89
1833.25	2.02
1833.33333333	0.69
1833.41666667	-1.52
1833.5	0.13
1833.58333333	-1.74
1833.66666667	-0.93
1833.75	-1.75
1833.83333333	1.40
1833.91666667	4.17
1834.0	3.07
1834.08333333	2.66
1834.16666667	1.37
1834.25	-2.38
1834.33333333	-1.03
1834.41666667	0.27
1834.5	-0.73
1834.58333333	-0.86
1834.66666667	-0.62
1834.75	0.30
1834.83333333	-2.28
1834.91666667	0.11
1835.0	0.37
1835.08333333	3.37
1835.16666667	1.54
1835.25	-1.02
1835.33333333	0.58
1835.41666667	0.10
1835.5	0.57
1835.58333333	2.35
1835.66666667	0.29
1835.75	-0.30
1835.83333333	-1.31
1835.91666667	-1.46
1836.0	1.47
1836.08333333	0.06
1836.16666667	2.28
1836.25	0.87
1836.33333333	-1.50
1836.41666667	2.95
1836.5	4.33
1836.58333333	2.80
1836.66666667	-1.59
1836.75	-1.17
1836.83333333	2.04
1836.91666667	-1.41
1837.0	-1.16
1837.08333333	4.67
1837.16666667	-3.08
1837.25	-0.56
1837.33333333	-1.02
1837.41666667	-2.98
1837.5	-2.40
1837.58333333	0.01
1837.66666667	0.17
1837.75	2.52
1837.83333333	1.34
1837.91666667	1.37
1838.0	-2.16
1838.08333333	-1.81
1838.16666667	1.23
1838.25	-0.61
1838.33333333	-2.16
1838.41666667	1.24
1838.5	0.11
1838.58333333	1.16
1838.66666667	1.46
1838.75	0.59
1838.83333333	-2.65
1838.91666667	2.55
1839.0	1.24
1839.08333333	4.20
1839.16666667	0.79
1839.25	1.40
1839.33333333	-0.94
1839.41666667	0.01
1839.5	1.14
1839.58333333	0.04
1839.66666667	1.09
1839.75	-1.27
1839.83333333	-2.89
1839.91666667	-0.63
1840.0	2.97
1840.08333333	-0.40
1840.16666667	-3.05
1840.25	0.87
1840.33333333	-0.58
1840.41666667	-0.08
1840.5	1.23
1840.58333333	0.05
1840.66666667	0.46
1840.75	-2.50
1840.83333333	0.46
1840.91666667	-2.43
1841.0	-0.71
1841.08333333	-1.37
1841.16666667	2.41
1841.25	1.97
1841.33333333	1.65
1841.41666667	-0.61
1841.5	-0.62
1841.58333333	2.39
1841.66666667	-2.76
1841.75	-2.13
1841.83333333	1.76
1841.91666667	0.21
1842.0	2.45
1842.08333333	4.26
1842.16666667	3.43
1842.25	-0.44
1842.33333333	-0.85
1842.41666667	-4.30
1842.5	-4.05
1842.58333333	1.03
1842.66666667	-3.80
1842.75	-3.73
1842.83333333	-2.66
1842.91666667	0.51
1843.0	2.99
1843.08333333	-3.51
1843.16666667	-1.28
1843.25	2.03
1843.33333333	-0.49
1843.41666667	-1.92
1843.5	3.26
1843.58333333	3.99
1843.66666667	-0.58
1843.75	-1.90
1843.83333333	0.87
1843.91666667	3.13
1844.0	0.20
1844.08333333	0.11
1844.16666667	1.09
1844.25	3.91
1844.33333333	-2.77
1844.41666667	-0.12
1844.5	0.37
1844.58333333	-1.00
1844.66666667	-1.53
1844.75	-0.99
1844.83333333	-0.02
1844.91666667	-1.90
1845.0	1.17
1845.08333333	0.06
1845.16666667	-0.54
1845.25	0.56
1845.33333333	-0.97
1845.41666667	2.07
1845.5	-0.16
1845.58333333	-0.29
1845.66666667	-0.23
1845.75	1.14
1845.83333333	0.49
1845.91666667	0.83
1846.0	2.26
1846.08333333	0.63
1846.16666667	1.75
1846.25	-1.42
1846.33333333	0.19
1846.41666667	1.45
1846.5	2.84
1846.58333333	-0.30
1846.66666667	-1.18
1846.75	0.01
1846.83333333	-0.59
1846.91666667	-2.55
1847.0	0.03
1847.08333333	0.10
1847.16666667	-1.59
1847.25	1.17
1847.33333333	1.76
1847.41666667	-0.26
1847.5	0.75
1847.58333333	1.13
1847.66666667	-0.32
1847.75	0.44
1847.83333333	2.46
1847.91666667	1.76
1848.0	-0.79
1848.08333333	1.77
1848.16666667	0.76
1848.25	-1.02
1848.33333333	0.69
1848.41666667	-1.78
1848.5	1.87
1848.58333333	2.64
1848.66666667	-2.55
1848.75	-2.44
1848.83333333	-0.84
1848.91666667	2.55
1849.0	2.42
1849.08333333	2.77
1849.16666667	-0.56
1849.25	-0.99
1849.33333333	-0.52
1849.41666667	-3.21
1849.5	1.20
1849.58333333	0.70
1849.66666667	-2.23
1849.75	-0.08
1849.83333333	0.80
1849.91666667	-1.24
1850.0	-0.16
1850.08333333	4.13
1850.16666667	-2.22
1850.25	0.97
1850.33333333	-1.16
1850.41666667	0.40
1850.5	0.31
1850.58333333	0.15
1850.66666667	-2.08
1850.75	-2.70
1850.83333333	2.39
1850.91666667	2.36
1851.0	3.29
1851.08333333	1.03
1851.16666667	1.50
1851.25	-1.66
1851.33333333	-1.53
1851.41666667	-1.62
1851.5	-5.39
1851.58333333	4.68
1851.66666667	1.85
1851.75	0.78
1851.83333333	-1.77
1851.91666667	1.74
1852.0	1.46
1852.08333333	0.41
1852.16666667	-2.50
1852.25	-1.60
1852.33333333	0.25
1852.41666667	0.09
1852.5	-1.13
1852.58333333	2.94
1852.66666667	-2.02
1852.75	-1.65
1852.83333333	-0.93
1852.91666667	1.03
1853.0	1.31
1853.08333333	-4.04
1853.16666667	-0.32
1853.25	0.76
1853.33333333	-3.17
1853.41666667	1.09
1853.5	1.76
1853.58333333	-2.36
1853.66666667	-0.22
1853.75	-0.47
1853.83333333	0.51
1853.91666667	-4.28
1854.0	1.28
1854.08333333	1.72
1854.16666667	2.67
1854.25	0.88
1854.33333333	0.04
1854.41666667	-0.06
1854.5	-1.92
1854.58333333	-0.03
1854.66666667	2.62
1854.75	1.11
1854.83333333	-1.56
1854.91666667	2.42
1855.0	-1.84
1855.08333333	-3.80
1855.16666667	-0.05
1855.25	0.99
1855.33333333	-2.28
1855.41666667	0.78
1855.5	-2.61
1855.58333333	3.81
1855.66666667	0.79
1855.75	-1.09
1855.83333333	-2.42
1855.91666667	-1.66
1856.0	-1.25
1856.08333333	-0.10
1856.16666667	-2.27
1856.25	2.00
1856.33333333	-0.70
1856.41666667	2.03
1856.5	-0.16
1856.58333333	-0.44
1856.66666667	-0.50
1856.75	1.12
1856.83333333	-1.69
1856.91666667	-0.23
1857.0	-0.69
1857.08333333	2.02
1857.16666667	1.09
1857.25	0.55
1857.33333333	-0.17
1857.41666667	-0.33
1857.5	5.36
1857.58333333	1.02
1857.66666667	1.21
1857.75	-0.20
1857.83333333	-1.68
1857.91666667	3.51
1858.0	2.26
1858.08333333	-0.54
1858.16666667	-1.24
1858.25	1.24
1858.33333333	0.53
1858.41666667	-0.24
1858.5	-1.58
1858.58333333	0.06
1858.66666667	2.33
1858.75	-1.86
1858.83333333	-4.41
1858.91666667	3.01
1859.0	2.74
1859.08333333	2.37
1859.16666667	1.50
1859.25	-1.12
1859.33333333	-0.63
1859.41666667	-0.06
1859.5	2.24
1859.58333333	1.82
1859.66666667	0.11
1859.75	-2.61
1859.83333333	0.29
1859.91666667	-1.31
1860.0	1.54
1860.08333333	0.32
1860.16666667	1.08
1860.25	-0.37
1860.33333333	-1.51
1860.41666667	-2.32
1860.5	-2.27
1860.58333333	-0.16
1860.66666667	-0.92
1860.75	2.28
1860.83333333	-3.44
1860.91666667	-2.14
1861.0	-0.56
1861.08333333	0.80
1861.16666667	2.06
1861.25	-1.86
1861.33333333	-1.99
1861.41666667	-1.04
1861.5	0.73
1861.58333333	2.91
1861.66666667	-0.85
1861.75	-0.80
1861.83333333	-1.35
1861.91666667	-1.50
1862.0	1.15
1862.08333333	-1.26
1862.16666667	-2.25
1862.25	0.64
1862.33333333	0.65
1862.41666667	-0.22
1862.5	-2.08
1862.58333333	-1.43
1862.66666667	-1.50
1862.75	1.75
1862.83333333	-0.49
1862.91666667	2.92
1863.0	1.12
1863.08333333	3.10
1863.16666667	1.88
1863.25	2.35
1863.33333333	-1.49
1863.41666667	-0.59
1863.5	-0.43
1863.58333333	0.10
1863.66666667	2.46
1863.75	-0.59
1863.83333333	1.62
1863.91666667	2.17
1864.0	2.03
1864.08333333	-0.27
1864.16666667	-1.78
1864.25	0.23
1864.33333333	-1.83
1864.41666667	1.76
1864.5	0.50
1864.58333333	-0.21
1864.66666667	1.12
1864.75	-6.05
1864.83333333	0.01
1864.91666667	-0.77
1865.0	0.15
1865.08333333	-0.42
1865.16666667	-1.03
1865.25	0.92
1865.33333333	0.87
1865.41666667	0.74
1865.5	-0.07
1865.58333333	-0.22
1865.66666667	3.24
1865.75	-2.66
1865.83333333	-0.14
1865.91666667	2.57
1866.0	2.06
1866.08333333	0.70
1866.16666667	-2.10
1866.25	-0.88
1866.33333333	-1.54
1866.41666667	-0.18
1866.5	0.29
1866.58333333	0.77
1866.66666667	1.52
1866.75	-0.03
1866.83333333	1.01
1866.91666667	2.14
1867.0	-2.17
1867.08333333	3.63
1867.16666667	-3.03
1867.25	3.08
1867.33333333	-2.35
1867.41666667	-1.20
1867.5	-1.77
1867.58333333	3.10
1867.66666667	1.13
1867.75	0.73
1867.83333333	-1.51
1867.91666667	-0.55
1868.0	1.46
1868.08333333	3.95
1868.16666667	2.94
1868.25	2.52
1868.33333333	1.35
1868.41666667	2.10
1868.5	1.21
1868.58333333	3.02
1868.66666667	-2.65
1868.75	1.87
1868.83333333	-0.83
1868.91666667	2.01
1869.0	3.25
1869.08333333	3.90
1869.16666667	-1.91
1869.25	2.62
1869.33333333	-1.98
1869.41666667	-0.71
1869.5	0.29
1869.58333333	1.15
1869.66666667	0.62
1869.75	-0.79
1869.83333333	0.79
1869.91666667	-0.69
1870.0	0.32
1870.08333333	-1.98
1870.16666667	-2.07
1870.25	2.92
1870.33333333	1.55
1870.41666667	0.56
1870.5	-0.36
1870.58333333	-3.41
1870.66666667	1.71
1870.75	1.30
1870.83333333	-2.04
1870.91666667	-3.52
1871.0	0.67
1871.08333333	1.71
1871.16666667	1.15
1871.25	-0.32
1871.33333333	-2.50
1871.41666667	-1.37
1871.5	1.75
1871.58333333	4.19
1871.66666667	-1.93
1871.75	-0.89
1871.83333333	-3.72
1871.91666667	-0.18
1872.0	1.15
1872.08333333	0.45
1872.16666667	-1.20
1872.25	-0.73
1872.33333333	0.02
1872.41666667	-0.34
1872.5	-3.61
1872.58333333	-1.43
1872.66666667	-2.53
1872.75	-0.91
1872.83333333	0.67
1872.91666667	-1.09
1873.0	2.30
1873.08333333	0.18
1873.16666667	-0.39
1873.25	-2.17
1873.33333333	-0.93
1873.41666667	0.78
1873.5	-0.12
1873.58333333	3.44
1873.66666667	-0.57
1873.75	-0.81
1873.83333333	-2.23
1873.91666667	2.01
1874.0	1.56
1874.08333333	2.07
1874.16666667	1.47
1874.25	2.99
1874.33333333	-1.85
1874.41666667	-0.76
1874.5	0.18
1874.58333333	0.82
1874.66666667	0.74
1874.75	0.86
1874.83333333	-0.34
1874.91666667	-2.12
1875.0	2.06
1875.08333333	-1.47
1875.16666667	-0.61
1875.25	-0.41
1875.33333333	0.89
1875.41666667	1.46
1875.5	-1.44
1875.58333333	1.71
1875.66666667	-0.01
1875.75	-0.75
1875.83333333	-2.80
1875.91666667	0.08
1876.0	1.10
1876.08333333	0.75
1876.16666667	-0.29
1876.25	-0.67
1876.33333333	-1.45
1876.41666667	1.71
1876.5	3.48
1876.58333333	1.02
1876.66666667	-2.62
1876.75	-2.19
1876.83333333	-2.35
1876.91666667	-1.13
1877.0	2.39
1877.08333333	1.96
1877.16666667	-0.45
1877.25	-2.30
1877.33333333	-1.73
1877.41666667	-0.32
1877.5	1.18
1877.58333333	-1.83
1877.66666667	-3.74
1877.75	1.25
1877.83333333	2.06
1877.91666667	2.16
1878.0	1.18
1878.08333333	2.20
1878.16666667	-0.01
1878.25	0.45
1878.33333333	0.28
1878.41666667	-1.54
1878.5	-1.93
1878.58333333	-2.46
1878.66666667	-0.95
1878.75	-1.44
1878.83333333	-3.47
1878.91666667	-3.31
1879.0	-0.71
1879.08333333	0.85
1879.16666667	-0.08
1879.25	0.10
1879.33333333	0.63
1879.41666667	-0.50
1879.5	-1.57
1879.58333333	-0.29
1879.66666667	1.90
1879.75	-1.88
1879.83333333	-3.38
1879.91666667	0.58
1880.0	0.42
1880.08333333	1.92
1880.16666667	0.06
1880.25	1.66
1880.33333333	-1.78
1880.41666667	0.45
1880.5	-1.90
1880.58333333	-0.43
1880.66666667	0.92
1880.75	-3.20
1880.83333333	1.19
1880.91666667	0.52
1881.0	-3.60
1881.08333333	-1.62
1881.16666667	-0.51
1881.25	-1.42
1881.33333333	0.82
1881.41666667	0.01
1881.5	2.10
1881.58333333	0.42
1881.66666667	-0.25
1881.75	-2.04
1881.83333333	4.34
1881.91666667	2.77
1882.0	3.07
1882.08333333	3.20
1882.16666667	3.61
1882.25	-0.42
1882.33333333	-0.68
1882.41666667	-0.64
1882.5	1.60
1882.58333333	2.05
1882.66666667	0.40
1882.75	0.65
1882.83333333	2.01
1882.91666667	-1.69
1883.0	1.67
1883.08333333	4.25
1883.16666667	-3.04
1883.25	0.88
1883.33333333	-0.54
1883.41666667	-1.75
1883.5	-2.25
1883.58333333	3.00
1883.66666667	0.47
1883.75	1.68
1883.83333333	2.36
1883.91666667	0.91
1884.0	3.32
1884.08333333	1.48
1884.16666667	0.19
1884.25	-2.36
1884.33333333	-0.17
1884.41666667	0.50
1884.5	-0.80
1884.58333333	2.16
1884.66666667	1.60
1884.75	0.27
1884.83333333	-1.16
1884.91666667	1.94
1885.0	-0.80
1885.08333333	0.09
1885.16666667	-1.06
1885.25	0.36
1885.33333333	0.32
1885.41666667	1.59
1885.5	3.07
1885.58333333	-1.03
1885.66666667	1.40
1885.75	-0.84
1885.83333333	-0.76
1885.91666667	-0.03
1886.0	-1.41
1886.08333333	-0.39
1886.16666667	0.56
1886.25	-1.37
1886.33333333	-0.67
1886.41666667	-1.17
1886.5	-1.59
1886.58333333	2.43
1886.66666667	-0.34
1886.75	-0.55
1886.83333333	0.55
1886.91666667	0.12
1887.0	1.90
1887.08333333	2.03
1887.16666667	-0.85
1887.25	-2.11
1887.33333333	0.44
1887.41666667	0.06
1887.5	0.58
1887.58333333	-1.19
1887.66666667	-2.56
1887.75	-1.14
1887.83333333	-3.25
1887.91666667	-1.62
1888.0	0.21
1888.08333333	-2.25
1888.16666667	-1.50
1888.25	-2.25
1888.33333333	0.97
1888.41666667	-1.70
1888.5	0.00
1888.58333333	4.00
1888.66666667	-0.42
1888.75	-0.89
1888.83333333	2.70
1888.91666667	1.25
1889.0	0.65
1889.08333333	-0.20
1889.16666667	0.11
1889.25	1.05
1889.33333333	-0.39
1889.41666667	1.89
1889.5	-1.03
1889.58333333	3.78
1889.66666667	-1.98
1889.75	-1.23
1889.83333333	2.70
1889.91666667	2.30
1890.0	4.32
1890.08333333	-1.37
1890.16666667	0.50
1890.25	-0.08
1890.33333333	-1.14
1890.41666667	1.23
1890.5	0.30
1890.58333333	0.99
1890.66666667	2.50
1890.75	0.85
1890.83333333	1.90
1890.91666667	-2.75
1891.0	0.27
1891.08333333	2.81
1891.16666667	-1.17
1891.25	-0.92
1891.33333333	-1.78
1891.41666667	-3.74
1891.5	-0.54
1891.58333333	2.22
1891.66666667	2.29
1891.75	-0.46
1891.83333333	-1.53
1891.91666667	2.86
1892.0	-0.77
1892.08333333	-2.21
1892.16666667	-1.53
1892.25	-1.14
1892.33333333	-0.57
1892.41666667	-0.47
1892.5	0.18
1892.58333333	1.16
1892.66666667	1.61
1892.75	-3.68
1892.83333333	0.81
1892.91666667	-1.05
1893.0	-1.61
1893.08333333	2.54
1893.16666667	-0.04
1893.25	0.04
1893.33333333	0.37
1893.41666667	-0.56
1893.5	-1.50
1893.58333333	0.48
1893.66666667	-0.97
1893.75	0.32
1893.83333333	-2.16
1893.91666667	1.86
1894.0	1.40
1894.08333333	3.95
1894.16666667	1.12
1894.25	1.98
1894.33333333	-1.38
1894.41666667	2.78
1894.5	1.18
1894.58333333	0.91
1894.66666667	-2.19
1894.75	-2.24
1894.83333333	1.96
1894.91666667	0.94
1895.0	-2.61
1895.08333333	-4.14
1895.16666667	-0.27
1895.25	0.37
1895.33333333	0.51
1895.41666667	-0.20
1895.5	1.21
1895.58333333	1.72
1895.66666667	1.15
1895.75	-2.53
1895.83333333	1.92
1895.91666667	0.02
1896.0	-0.23
1896.08333333	2.33
1896.16666667	1.39
1896.25	2.54
1896.33333333	-0.89
1896.41666667	-0.27
1896.5	1.23
1896.58333333	-1.02
1896.66666667	0.60
1896.75	-2.77
1896.83333333	-0.55
1896.91666667	1.86
1897.0	-2.36
1897.08333333	3.32
1897.16666667	2.31
1897.25	4.28
1897.33333333	-0.52
1897.41666667	-1.42
1897.5	-0.05
1897.58333333	2.49
1897.66666667	1.40
1897.75	-0.60
1897.83333333	0.02
1897.91666667	1.35
1898.0	1.97
1898.08333333	1.90
1898.16666667	-2.33
1898.25	3.46
1898.33333333	-0.53
1898.41666667	-0.84
1898.5	-1.53
1898.58333333	3.56
1898.66666667	-0.17
1898.75	-1.15
1898.83333333	-1.14
1898.91666667	3.14
1899.0	0.68
1899.08333333	-0.17
1899.16666667	-1.50
1899.25	0.58
1899.33333333	-1.03
1899.41666667	-0.25
1899.5	2.46
1899.58333333	-1.13
1899.66666667	-0.08
1899.75	-0.12
1899.83333333	1.94
1899.91666667	-0.87
1900.0	1.38
1900.08333333	-2.36
1900.16666667	-3.12
1900.25	2.61
1900.33333333	-0.57
1900.41666667	-1.23
1900.5	-0.21
1900.58333333	-0.06
1900.66666667	0.98
1900.75	-0.57
1900.83333333	0.65
1900.91666667	3.50
1901.0	0.98
1901.08333333	-2.58
1901.16666667	-0.91
1901.25	2.53
1901.33333333	-0.71
1901.41666667	0.21
1901.5	-1.83
1901.58333333	1.14
1901.66666667	-0.09
1901.75	-0.47
1901.83333333	-1.73
1901.91666667	-1.38
1902.0	1.41
1902.08333333	-1.40
1902.16666667	0.50
1902.25	-1.14
1902.33333333	0.54
1902.41666667	-3.25
1902.5	-1.24
1902.58333333	-0.18
1902.66666667	-1.51
1902.75	-0.12
1902.83333333	-0.09
1902.91666667	1.27
1903.0	1.28
1903.08333333	4.86
1903.16666667	4.05
1903.25	-0.79
1903.33333333	0.14
1903.41666667	-2.80
1903.5	0.43
1903.58333333	3.67
1903.66666667	0.22
1903.75	-0.55
1903.83333333	1.04
1903.91666667	-1.09
1904.0	2.24
1904.08333333	1.21
1904.16666667	-0.70
1904.25	2.64
1904.33333333	1.75
1904.41666667	-0.87
1904.5	-0.04
1904.58333333	0.61
1904.66666667	-0.43
1904.75	0.04
1904.83333333	0.07
1904.91666667	0.88
1905.0	1.81
1905.08333333	2.09
1905.16666667	2.23
1905.25	-1.17
1905.33333333	-0.72
1905.41666667	-2.29
1905.5	-0.05
1905.58333333	0.97
1905.66666667	-0.19
1905.75	-3.10
1905.83333333	-0.25
1905.91666667	1.85
1906.0	2.64
1906.08333333	1.26
1906.16666667	-0.25
1906.25	1.67
1906.33333333	-1.75
1906.41666667	-1.68
1906.5	1.29
1906.58333333	0.38
1906.66666667	-1.33
1906.75	0.40
1906.83333333	0.70
1906.91666667	0.03
1907.0	1.58
1907.08333333	1.22
1907.16666667	2.41
1907.25	1.08
1907.33333333	-1.42
1907.41666667	0.76
1907.5	-0.55
1907.58333333	2.22
1907.66666667	0.24
1907.75	-1.59
1907.83333333	-0.41
1907.91666667	1.18
1908.0	0.64
1908.08333333	1.98
1908.16666667	0.74
1908.25	-1.75
1908.33333333	1.92
1908.41666667	0.83
1908.5	0.09
1908.58333333	0.60
1908.66666667	0.98
1908.75	0.24
1908.83333333	-0.21
1908.91666667	1.47
1909.0	1.82
1909.08333333	-0.54
1909.16666667	-2.09
1909.25	0.06
1909.33333333	-0.92
1909.41666667	-1.35
1909.5	2.59
1909.58333333	2.35
1909.66666667	-1.29
1909.75	0.59
1909.83333333	-1.97
1909.91666667	-0.48
1910.0	2.57
1910.08333333	3.85
1910.16666667	0.55
1910.25	0.08
1910.33333333	-1.50
1910.41666667	-1.07
1910.5	-1.64
1910.58333333	0.31
1910.66666667	-1.15
1910.75	-1.56
1910.83333333	-0.87
1910.91666667	-0.10
1911.0	0.82
1911.08333333	2.05
1911.16666667	-1.40
1911.25	-0.24
1911.33333333	0.79
1911.41666667	0.42
1911.5	0.54
1911.58333333	0.13
1911.66666667	1.53
1911.75	-1.88
1911.83333333	-0.05
1911.91666667	3.02
1912.0	-0.91
1912.08333333	-0.17
1912.16666667	2.22
1912.25	-0.10
1912.33333333	1.70
1912.41666667	-0.98
1912.5	-1.42
1912.58333333	0.07
1912.66666667	-2.51
1912.75	0.42
1912.83333333	1.21
1912.91666667	3.00
1913.0	1.83
1913.08333333	1.19
1913.16666667	2.73
1913.25	1.99
1913.33333333	0.38
1913.41666667	1.03
1913.5	-0.99
1913.58333333	0.65
1913.66666667	-2.70
1913.75	-1.48
1913.83333333	4.62
1913.91666667	1.23
1914.0	0.58
1914.08333333	2.45
1914.16666667	1.72
1914.25	2.08
1914.33333333	2.19
1914.41666667	0.57
1914.5	-1.11
1914.58333333	0.97
1914.66666667	0.43
1914.75	-1.10
1914.83333333	-1.41
1914.91666667	2.23
1915.0	0.08
1915.08333333	1.82
1915.16666667	-1.91
1915.25	2.91
1915.33333333	-2.47
1915.41666667	-2.30
1915.5	-1.19
1915.58333333	-1.29
1915.66666667	-1.94
1915.75	-0.99
1915.83333333	-2.51
1915.91666667	-0.65
1916.0	3.82
1916.08333333	2.03
1916.16666667	-3.84
1916.25	0.77
1916.33333333	-0.72
1916.41666667	-3.03
1916.5	-0.69
1916.58333333	-0.57
1916.66666667	-2.59
1916.75	2.20
1916.83333333	-0.58
1916.91666667	-1.80
1917.0	-3.08
1917.08333333	-1.59
1917.16666667	-0.21
1917.25	-0.92
1917.33333333	-1.59
1917.41666667	0.81
1917.5	-0.21
1917.58333333	-0.39
1917.66666667	2.47
1917.75	0.94
1917.83333333	1.98
1917.91666667	-2.80
1918.0	-0.48
1918.08333333	3.87
1918.16666667	0.37
1918.25	-1.91
1918.33333333	0.23
1918.41666667	1.31
1918.5	-1.97
1918.58333333	1.76
1918.66666667	-0.17
1918.75	0.56
1918.83333333	0.26
1918.91666667	2.32
1919.0	-0.01
1919.08333333	-0.49
1919.16666667	-0.25
1919.25	1.72
1919.33333333	1.35
1919.41666667	1.86
1919.5	-1.33
1919.58333333	4.03
1919.66666667	-1.27
1919.75	-2.24
1919.83333333	-2.07
1919.91666667	2.86
1920.0	2.84
1920.08333333	1.39
1920.16666667	3.08
1920.25	0.09
1920.33333333	0.76
1920.41666667	-1.62
1920.5	1.87
1920.58333333	-1.22
1920.66666667	0.41
1920.75	-1.15
1920.83333333	1.48
1920.91666667	-0.46
1921.0	3.20
1921.08333333	0.07
1921.16666667	2.68
1921.25	-0.09
1921.33333333	-0.64
1921.41666667	-1.60
1921.5	-0.41
1921.58333333	-0.65
1921.66666667	-1.43
1921.75	-0.22
1921.83333333	-1.22
1921.91666667	2.18
1922.0	0.64
1922.08333333	2.97
1922.16666667	-0.23
1922.25	0.80
1922.33333333	2.36
1922.41666667	0.79
1922.5	1.79
1922.58333333	0.09
1922.66666667	-0.43
1922.75	-3.95
1922.83333333	-0.05
1922.91666667	1.47
1923.0	1.84
1923.08333333	2.77
1923.16666667	-0.10
1923.25	-1.19
1923.33333333	0.35
1923.41666667	0.53
1923.5	1.59
1923.58333333	0.73
1923.66666667	2.64
1923.75	1.34
1923.83333333	-1.97
1923.91666667	1.25
1924.0	0.86
1924.08333333	-1.62
1924.16666667	-1.88
1924.25	-0.94
1924.33333333	-0.55
1924.41666667	-2.09
1924.5	0.65
1924.58333333	0.55
1924.66666667	0.71
1924.75	0.50
1924.83333333	-0.21
1924.91666667	3.86
1925.0	4.23
1925.08333333	1.95
1925.16666667	-2.00
1925.25	2.59
1925.33333333	1.12
1925.41666667	-2.20
1925.5	1.37
1925.58333333	1.43
1925.66666667	-0.66
1925.75	-0.98
1925.83333333	-2.60
1925.91666667	-0.72
1926.0	1.70
1926.08333333	1.84
1926.16666667	0.56
1926.25	2.33
1926.33333333	-1.19
1926.41666667	-1.79
1926.5	-0.69
1926.58333333	2.06
1926.66666667	0.92
1926.75	-4.16
1926.83333333	0.12
1926.91666667	-0.51
1927.0	2.15
1927.08333333	1.09
1927.16666667	2.58
1927.25	1.39
1927.33333333	-2.03
1927.41666667	-1.60
1927.5	-0.16
1927.58333333	1.60
1927.66666667	-1.77
1927.75	-2.04
1927.83333333	-1.25
1927.91666667	-3.14
1928.0	3.04
1928.08333333	3.52
1928.16666667	-0.94
1928.25	1.09
1928.33333333	-2.90
1928.41666667	-1.89
1928.5	2.21
1928.58333333	-1.80
1928.66666667	-1.93
1928.75	0.15
1928.83333333	1.68
1928.91666667	0.44
1929.0	-1.26
1929.08333333	0.27
1929.16666667	-0.48
1929.25	-3.80
1929.33333333	0.67
1929.41666667	-0.06
1929.5	0.26
1929.58333333	-0.07
1929.66666667	0.25
1929.75	0.29
1929.83333333	2.15
1929.91666667	3.80
1930.0	1.51
1930.08333333	-0.60
1930.16666667	-0.70
1930.25	-2.13
1930.33333333	1.84
1930.41666667	-0.37
1930.5	-1.30
1930.58333333	1.81
1930.66666667	-2.07
1930.75	0.89
1930.83333333	1.44
1930.91666667	1.21
1931.0	-0.09
1931.08333333	1.29
1931.16666667	-2.18
1931.25	-0.08
1931.33333333	-0.62
1931.41666667	-0.96
1931.5	-0.13
1931.58333333	-1.80
1931.66666667	-2.73
1931.75	-0.11
1931.83333333	2.78
1931.91666667	0.77
1932.0	3.47
1932.08333333	-3.31
1932.16666667	-1.57
1932.25	0.13
1932.33333333	-0.68
1932.41666667	-1.46
1932.5	-0.80
1932.58333333	2.18
1932.66666667	-0.94
1932.75	0.05
1932.83333333	0.98
1932.91666667	1.22
1933.0	1.41
1933.08333333	-1.81
1933.16666667	1.26
1933.25	-0.23
1933.33333333	-0.55
1933.41666667	-1.62
1933.5	2.62
1933.58333333	2.65
1933.66666667	-2.03
1933.75	-1.99
1933.83333333	-2.97
1933.91666667	-1.84
1934.0	3.27
1934.08333333	0.49
1934.16666667	0.30
1934.25	-1.67
1934.33333333	1.41
1934.41666667	-2.49
1934.5	-1.17
1934.58333333	1.51
1934.66666667	2.50
1934.75	0.76
1934.83333333	-1.22
1934.91666667	1.32
1935.0	-0.50
1935.08333333	2.70
1935.16666667	0.39
1935.25	-0.41
1935.33333333	-3.21
1935.41666667	1.34
1935.5	2.03
1935.58333333	-0.55
1935.66666667	0.55
1935.75	0.88
1935.83333333	1.13
1935.91666667	-1.37
1936.0	-1.22
1936.08333333	-2.44
1936.16666667	-1.09
1936.25	-1.54
1936.33333333	-2.34
1936.41666667	0.76
1936.5	1.34
1936.58333333	2.67
1936.66666667	-0.81
1936.75	0.87
1936.83333333	-0.17
1936.91666667	2.37
1937.0	2.15
1937.08333333	1.73
1937.16666667	-2.02
1937.25	2.19
1937.33333333	2.31
1937.41666667	0.49
1937.5	0.19
1937.58333333	0.28
1937.66666667	-0.17
1937.75	-2.41
1937.83333333	-1.56
1937.91666667	-1.09
1938.0	2.64
1938.08333333	0.60
1938.16666667	3.13
1938.25	-1.68
1938.33333333	-0.35
1938.41666667	0.97
1938.5	1.60
1938.58333333	-0.37
1938.66666667	-0.29
1938.75	1.88
1938.83333333	3.24
1938.91666667	-0.39
1939.0	-0.69
1939.08333333	2.91
1939.16666667	-0.03
1939.25	0.18
1939.33333333	-0.90
1939.41666667	-1.40
1939.5	-0.44
1939.58333333	0.80
1939.66666667	-3.90
1939.75	-2.51
1939.83333333	1.53
1939.91666667	-1.07
1940.0	-2.27
1940.08333333	-0.93
1940.16666667	-0.72
1940.25	0.53
1940.33333333	-0.25
1940.41666667	-1.20
1940.5	-1.21
1940.58333333	0.30
1940.66666667	-1.10
1940.75	-1.89
1940.83333333	1.30
1940.91666667	1.46
1941.0	-3.50
1941.08333333	-0.42
1941.16666667	-1.29
1941.25	-2.95
1941.33333333	-0.54
1941.41666667	0.24
1941.5	1.08
1941.58333333	-0.60
1941.66666667	-0.97
1941.75	-1.21
1941.83333333	-0.09
1941.91666667	1.44
1942.0	0.75
1942.08333333	-3.10
1942.16666667	-0.92
1942.25	-0.95
1942.33333333	0.82
1942.41666667	-2.10
1942.5	0.15
1942.58333333	0.08
1942.66666667	-0.25
1942.75	-0.21
1942.83333333	-2.11
1942.91666667	1.47
1943.0	1.17
1943.08333333	2.78
1943.16666667	0.03
1943.25	4.26
1943.33333333	2.17
1943.41666667	1.91
1943.5	0.05
1943.58333333	-0.18
1943.66666667	-0.65
1943.75	0.45
1943.83333333	0.08
1943.91666667	-0.39
1944.0	3.63
1944.08333333	-1.59
1944.16666667	-0.82
1944.25	1.30
1944.33333333	0.42
1944.41666667	-2.78
1944.5	-2.16
1944.58333333	0.15
1944.66666667	0.36
1944.75	-0.83
1944.83333333	0.81
1944.91666667	0.26
1945.0	-2.12
1945.08333333	4.67
1945.16666667	2.51
1945.25	1.15
1945.33333333	-0.84
1945.41666667	0.37
1945.5	-0.40
1945.58333333	-1.83
1945.66666667	1.40
1945.75	-0.22
1945.83333333	-1.82
1945.91666667	-0.25
1946.0	1.41
1946.08333333	0.99
1946.16666667	-0.39
1946.25	0.65
1946.33333333	-2.70
1946.41666667	2.56
1946.5	2.66
1946.58333333	0.62
1946.66666667	1.98
1946.75	-2.04
1946.83333333	-1.26
1946.91666667	1.22
1947.0	0.39
1947.08333333	-4.60
1947.16666667	-1.28
1947.25	6.66
1947.33333333	-1.20
1947.41666667	0.20
1947.5	0.19
1947.58333333	-1.08
1947.66666667	1.18
1947.75	-0.51
1947.83333333	-0.25
1947.91666667	-0.72
1948.0	1.53
1948.08333333	0.66
1948.16666667	3.48
1948.25	-0.48
1948.33333333	-1.23
1948.41666667	-0.27
1948.5	0.59
1948.58333333	0.34
1948.66666667	0.82
1948.75	0.43
1948.83333333	2.64
1948.91666667	1.09
1949.0	1.50
1949.08333333	4.01
1949.16666667	-0.96
1949.25	3.41
1949.33333333	-1.39
1949.41666667	-1.51
1949.5	-0.93
1949.58333333	1.38
1949.66666667	-1.81
1949.75	1.38
1949.83333333	0.54
1949.91666667	0.11
1950.0	0.55
1950.08333333	3.31
1950.16666667	0.82
1950.25	1.61
1950.33333333	-1.73
1950.41666667	1.26
1950.5	-0.87
1950.58333333	-0.28
1950.66666667	1.51
1950.75	0.78
1950.83333333	0.78
1950.91666667	-1.88
1951.0	0.82
1951.08333333	0.93
1951.16666667	-2.01
1951.25	-0.45
1951.33333333	-2.11
1951.41666667	-1.16
1951.5	1.10
1951.58333333	0.85
1951.66666667	-0.22
1951.75	-0.13
1951.83333333	-0.97
1951.91666667	2.54
1952.0	0.92
1952.08333333	0.15
1952.16666667	-1.14
1952.25	2.79
1952.33333333	-0.94
1952.41666667	0.02
1952.5	-0.79
1952.58333333	-1.05
1952.66666667	-3.02
1952.75	0.42
1952.83333333	-1.51
1952.91666667	-0.31
1953.0	-0.02
1953.08333333	0.54
1953.16666667	1.25
1953.25	-1.60
1953.33333333	-0.75
1953.41666667	-2.96
1953.5	0.13
1953.58333333	3.26
1953.66666667	0.75
1953.75	0.77
1953.83333333	3.25
1953.91666667	0.15
1954.0	0.10
1954.08333333	0.57
1954.16666667	-0.29
1954.25	-0.26
1954.33333333	-0.91
1954.41666667	-0.94
1954.5	0.88
1954.58333333	-0.59
1954.66666667	2.49
1954.75	2.09
1954.83333333	1.54
1954.91666667	1.44
1955.0	-1.17
1955.08333333	-2.21
1955.16666667	-2.90
1955.25	2.40
1955.33333333	0.33
1955.41666667	-0.18
1955.5	-1.32
1955.58333333	0.54
1955.66666667	0.82
1955.75	-2.35
1955.83333333	-2.14
1955.91666667	0.51
1956.0	-0.76
1956.08333333	-2.96
1956.16666667	0.01
1956.25	-1.90
1956.33333333	4.54
1956.41666667	1.26
1956.5	0.35
1956.58333333	-3.15
1956.66666667	-0.51
1956.75	1.23
1956.83333333	1.39
1956.91666667	2.57
1957.0	2.53
1957.08333333	1.08
1957.16666667	0.42
1957.25	-0.62
1957.33333333	-0.84
1957.41666667	-0.80
1957.5	-0.48
1957.58333333	0.70
1957.66666667	-1.56
1957.75	1.07
1957.83333333	-1.59
1957.91666667	-0.12
1958.0	0.37
1958.08333333	-0.03
1958.16666667	-1.28
1958.25	1.79
1958.33333333	1.10
1958.41666667	-1.44
1958.5	-0.20
1958.58333333	0.98
1958.66666667	-0.23
1958.75	1.65
1958.83333333	0.43
1958.91666667	-1.70
1959.0	-1.15
1959.08333333	2.46
1959.16666667	1.82
1959.25	1.51
1959.33333333	-2.22
1959.41666667	1.51
1959.5	0.29
1959.58333333	0.02
1959.66666667	-1.81
1959.75	1.51
1959.83333333	-0.04
1959.91666667	1.98
1960.0	-0.70
1960.08333333	-1.00
1960.16666667	-0.87
1960.25	1.93
1960.33333333	0.07
1960.41666667	-0.41
1960.5	0.18
1960.58333333	-1.84
1960.66666667	0.24
1960.75	-3.08
1960.83333333	1.40
1960.91666667	0.46
1961.0	1.46
1961.08333333	4.06
1961.16666667	2.08
1961.25	0.71
1961.33333333	-0.94
1961.41666667	2.13
1961.5	0.63
1961.58333333	3.38
1961.66666667	2.01
1961.75	1.00
1961.83333333	-2.15
1961.91666667	-1.72
1962.0	2.44
1962.08333333	0.77
1962.16666667	-3.78
1962.25	0.74
1962.33333333	-0.10
1962.41666667	1.41
1962.5	-2.10
1962.58333333	2.28
1962.66666667	0.02
1962.75	-0.34
1962.83333333	-2.23
1962.91666667	-0.66
1963.0	-4.09
1963.08333333	-1.90
1963.16666667	2.79
1963.25	-0.46
1963.33333333	1.91
1963.41666667	-1.77
1963.5	-0.65
1963.58333333	-0.96
1963.66666667	0.94
1963.75	2.79
1963.83333333	-0.15
1963.91666667	-3.09
1964.0	0.93
1964.08333333	-0.13
1964.16666667	-0.77
1964.25	0.95
1964.33333333	2.51
1964.41666667	-1.85
1964.5	2.44
1964.58333333	-2.46
1964.66666667	0.50
1964.75	0.63
1964.83333333	1.33
1964.91666667	-1.24
1965.0	0.01
1965.08333333	-3.03
1965.16666667	0.23
1965.25	2.14
1965.33333333	-0.08
1965.41666667	0.87
1965.5	-1.71
1965.58333333	1.59
1965.66666667	-1.01
1965.75	-1.26
1965.83333333	-1.78
1965.91666667	1.24
1966.0	-1.01
1966.08333333	-0.38
1966.16666667	1.05
1966.25	1.18
1966.33333333	1.51
1966.41666667	0.82
1966.5	-1.99
1966.58333333	-2.03
1966.66666667	-0.47
1966.75	-2.89
1966.83333333	-0.07
1966.91666667	1.68
1967.0	0.04
1967.08333333	1.70
1967.16666667	3.00
1967.25	-0.76
1967.33333333	-0.46
1967.41666667	1.96
1967.5	1.44
1967.58333333	-0.41
1967.66666667	0.32
1967.75	1.34
1967.83333333	-0.91
1967.91666667	-0.53
1968.0	1.65
1968.08333333	-1.53
1968.16666667	0.34
1968.25	-0.71
1968.33333333	-1.50
1968.41666667	0.95
1968.5	-1.96
1968.58333333	-1.45
1968.66666667	0.50
1968.75	0.03
1968.83333333	-2.00
1968.91666667	-1.73
1969.0	-1.64
1969.08333333	-3.16
1969.16666667	-1.81
1969.25	1.11
1969.33333333	-0.23
1969.41666667	-1.17
1969.5	3.70
1969.58333333	-1.62
1969.66666667	0.38
1969.75	0.70
1969.83333333	-1.28
1969.91666667	-0.26
1970.0	-1.16
1970.08333333	1.10
1970.16666667	-1.78
1970.25	2.52
1970.33333333	1.87
1970.41666667	-0.11
1970.5	0.27
1970.58333333	-0.20
1970.66666667	0.47
1970.75	0.00
1970.83333333	0.76
1970.91666667	-1.58
1971.0	-0.43
1971.08333333	1.21
1971.16666667	-1.76
1971.25	-3.15
1971.33333333	-0.62
1971.41666667	-1.32
1971.5	-1.04
1971.58333333	0.07
1971.66666667	-0.54
1971.75	1.63
1971.83333333	-1.46
1971.91666667	0.76
1972.0	-0.52
1972.08333333	-0.20
1972.16666667	0.26
1972.25	0.22
1972.33333333	1.24
1972.41666667	1.07
1972.5	0.41
1972.58333333	0.11
1972.66666667	-4.11
1972.75	-1.74
1972.83333333	0.64
1972.91666667	2.11
1973.0	1.37
1973.08333333	1.22
1973.16666667	1.04
1973.25	-2.61
1973.33333333	0.37
1973.41666667	0.83
1973.5	-1.85
1973.58333333	2.32
1973.66666667	-0.79
1973.75	-1.03
1973.83333333	-0.26
1973.91666667	-1.65
1974.0	3.75
1974.08333333	0.68
1974.16666667	-0.81
1974.25	-2.30
1974.33333333	-0.01
1974.41666667	-0.14
1974.5	2.07
1974.58333333	0.89
1974.66666667	0.11
1974.75	-1.44
1974.83333333	1.27
1974.91666667	3.06
1975.0	2.43
1975.08333333	0.40
1975.16666667	-1.26
1975.25	-0.84
1975.33333333	-2.42
1975.41666667	0.18
1975.5	0.63
1975.58333333	0.08
1975.66666667	1.75
1975.75	0.39
1975.83333333	0.86
1975.91666667	-1.57
1976.0	0.75
1976.08333333	1.29
1976.16666667	1.87
1976.25	-1.53
1976.33333333	1.20
1976.41666667	1.76
1976.5	-0.57
1976.58333333	0.62
1976.66666667	-3.46
1976.75	-0.64
1976.83333333	1.50
1976.91666667	-3.63
1977.0	-2.36
1977.08333333	0.28
1977.16666667	1.33
1977.25	1.07
1977.33333333	-1.62
1977.41666667	-0.89
1977.5	-1.14
1977.58333333	-1.42
1977.66666667	1.64
1977.75	0.45
1977.83333333	0.37
1977.91666667	-0.25
1978.0	0.46
1978.08333333	-1.99
1978.16666667	3.10
1978.25	-3.12
1978.33333333	0.37
1978.41666667	0.14
1978.5	-0.33
1978.58333333	0.05
1978.66666667	1.96
1978.75	0.02
1978.83333333	3.91
1978.91666667	-2.08
1979.0	-3.22
1979.08333333	-0.62
1979.16666667	0.54
1979.25	-0.79
1979.33333333	1.00
1979.41666667	0.45
1979.5	2.53
1979.58333333	-0.85
1979.66666667	1.12
1979.75	-1.95
1979.83333333	1.95
1979.91666667	2.07
1980.0	-1.80
1980.08333333	0.70
1980.16666667	-0.68
1980.25	0.03
1980.33333333	-2.26
1980.41666667	-0.20
1980.5	-0.91
1980.58333333	0.30
1980.66666667	1.72
1980.75	-0.87
1980.83333333	-2.06
1980.91666667	1.55
1981.0	1.00
1981.08333333	1.04
1981.16666667	0.01
1981.25	-3.04
1981.33333333	0.05
1981.41666667	-1.57
1981.5	1.74
1981.58333333	1.01
1981.66666667	0.27
1981.75	-1.06
1981.83333333	1.66
1981.91666667	-2.20
1982.0	-0.72
1982.08333333	2.25
1982.16666667	1.66
1982.25	-0.99
1982.33333333	1.10
1982.41666667	-1.86
1982.5	-0.65
1982.58333333	1.45
1982.66666667	1.08
1982.75	0.32
1982.83333333	1.71
1982.91666667	2.64
1983.0	4.82
1983.08333333	-1.25
1983.16666667	1.79
1983.25	-1.01
1983.33333333	-0.57
1983.41666667	0.54
1983.5	-0.75
1983.58333333	0.56
1983.66666667	-0.65
1983.75	2.06
1983.83333333	-2.28
1983.91666667	0.83
1984.0	2.53
1984.08333333	1.73
1984.16666667	-2.12
1984.25	0.33
1984.33333333	-2.34
1984.41666667	0.33
1984.5	0.93
1984.58333333	1.00
1984.66666667	-1.31
1984.75	1.66
1984.83333333	-1.16
1984.91666667	1.52
1985.0	-2.87
1985.08333333	-0.24
1985.16666667	0.07
1985.25	0.34
1985.33333333	-2.13
1985.41666667	-1.08
1985.5	1.09
1985.58333333	2.33
1985.66666667	0.00
1985.75	0.14
1985.83333333	-2.85
1985.91666667	-0.43
1986.0	1.46
1986.08333333	-4.02
1986.16666667	2.86
1986.25	-0.93
1986.33333333	2.16
1986.41666667	-1.29
1986.5	0.88
1986.58333333	-2.21
1986.66666667	-1.34
1986.75	2.27
1986.83333333	3.41
1986.91666667	3.42
1987.0	-2.12
1987.08333333	-0.24
1987.16666667	0.29
1987.25	2.59
1987.33333333	-0.81
1987.41666667	-0.58
1987.5	-1.24
1987.58333333	-2.99
1987.66666667	1.27
1987.75	-0.80
1987.83333333	-0.67
1987.91666667	-0.81
1988.0	0.53
1988.08333333	-0.11
1988.16666667	0.78
1988.25	-2.39
1988.33333333	-1.24
1988.41666667	-2.75
1988.5	1.46
1988.58333333	0.73
1988.66666667	0.80
1988.75	-2.02
1988.83333333	-1.47
1988.91666667	1.85
1989.0	3.53
1989.08333333	3.61
1989.16666667	2.45
1989.25	-0.48
1989.33333333	1.16
1989.41666667	-0.53
1989.5	0.58
1989.58333333	1.76
1989.66666667	-0.96
1989.75	0.88
1989.83333333	-2.97
1989.91666667	-2.23
1990.0	3.50
1990.08333333	5.11
1990.16666667	3.11
1990.25	1.77
1990.33333333	-1.19
1990.41666667	0.42
1990.5	1.43
1990.58333333	3.31
1990.66666667	-0.99
1990.75	-0.59
1990.83333333	-1.48
1990.91666667	0.34
1991.0	1.87
1991.08333333	-0.02
1991.16666667	-1.37
1991.25	1.48
1991.33333333	-0.04
1991.41666667	-0.31
1991.5	-0.28
1991.58333333	2.71
1991.66666667	-1.12
1991.75	-1.77
1991.83333333	1.68
1991.91666667	1.24
1992.0	0.64
1992.08333333	3.18
1992.16666667	1.66
1992.25	1.32
1992.33333333	0.80
1992.41666667	-1.74
1992.5	1.04
1992.58333333	3.97
1992.66666667	0.99
1992.75	-3.33
1992.83333333	4.52
1992.91666667	0.21
1993.0	3.91
1993.08333333	0.11
1993.16666667	1.47
1993.25	0.83
1993.33333333	-2.59
1993.41666667	0.16
1993.5	0.64
1993.58333333	0.75
1993.66666667	-2.60
1993.75	-4.13
1993.83333333	0.77
1993.91666667	2.17
1994.0	1.28
1994.08333333	0.07
1994.16666667	3.68
1994.25	1.38
1994.33333333	-1.43
1994.41666667	2.99
1994.5	-0.09
1994.58333333	-1.59
1994.66666667	-2.85
1994.75	-1.88
1994.83333333	1.68
1994.91666667	2.86
1995.0	2.70
1995.08333333	3.13
1995.16666667	1.06
1995.25	-1.81
1995.33333333	-0.36
1995.41666667	-3.36
1995.5	-0.96
1995.58333333	-1.33
1995.66666667	-1.55
1995.75	1.22
1995.83333333	-2.73
1995.91666667	-3.33
1996.0	-3.27
1996.08333333	-0.12
1996.16666667	-2.57
1996.25	-0.31
1996.33333333	-1.50
1996.41666667	1.43
1996.5	1.47
1996.58333333	-0.19
1996.66666667	-2.23
1996.75	-0.07
1996.83333333	-0.05
1996.91666667	-4.70
1997.0	-1.95
1997.08333333	5.26
1997.16666667	2.09
1997.25	-0.97
1997.33333333	-1.35
1997.41666667	-4.05
1997.5	1.18
1997.58333333	1.78
1997.66666667	-0.67
1997.75	-2.26
1997.83333333	-0.99
1997.91666667	-0.20
1998.0	-0.28
1998.08333333	2.44
1998.16666667	1.24
1998.25	-0.39
1998.33333333	-1.26
1998.41666667	-0.85
1998.5	-0.57
1998.58333333	1.80
1998.66666667	-3.48
1998.75	1.34
1998.83333333	1.13
1998.91666667	1.95
1999.0	0.90
1999.08333333	1.80
1999.16666667	-0.72
1999.25	0.43
1999.33333333	1.03
1999.41666667	1.39
1999.5	-1.85
1999.58333333	-3.67
1999.66666667	-0.51
1999.75	-0.69
1999.83333333	0.30
1999.91666667	2.13
2000.0	0.35
2000.08333333	4.37
2000.16666667	0.54
2000.25	-3.34
2000.33333333	0.31
2000.41666667	0.89
2000.5	-2.99
2000.58333333	0.78
2000.66666667	-1.10
2000.75	2.26
2000.83333333	-0.24
2000.91666667	-1.41
2001.0	0.02
2001.08333333	0.07
2001.16666667	-0.68
2001.25	1.24
2001.33333333	-0.09
2001.41666667	-1.33
2001.5	-1.12
2001.58333333	1.64
2001.66666667	-3.83
2001.75	0.88
2001.83333333	0.01
2001.91666667	-2.25
2002.0	2.31
2002.08333333	3.01
2002.16666667	0.09
2002.25	0.91
2002.33333333	-0.05
2002.41666667	0.90
2002.5	-0.71
2002.58333333	-0.61
2002.66666667	-3.58
2002.75	-1.50
2002.83333333	-0.27
2002.91666667	-0.98
2003.0	0.15
2003.08333333	1.34
2003.16666667	1.08
2003.25	-1.74
2003.33333333	1.17
2003.41666667	-0.86
2003.5	0.09
2003.58333333	-0.99
2003.66666667	0.35
2003.75	-3.68
2003.83333333	0.31
2003.91666667	-0.85
2004.0	0.20
2004.08333333	-1.23
2004.16666667	1.07
2004.25	1.08
2004.33333333	-0.67
2004.41666667	-0.38
2004.5	-0.30
2004.58333333	-0.76
2004.66666667	2.51
2004.75	-2.18
2004.83333333	-0.55
2004.91666667	1.27
2005.0	1.82
2005.08333333	-2.25
2005.16666667	-1.29
2005.25	0.71
2005.33333333	-0.13
2005.41666667	-1.00
2005.5	-0.08
2005.58333333	0.94
2005.66666667	0.50
2005.75	-0.45
2005.83333333	-1.01
2005.91666667	-0.81
2006.0	-0.10
2006.08333333	1.24
2006.16666667	-1.12
2006.25	0.57
2006.33333333	-0.22
2006.41666667	-0.41
2006.5	0.83
2006.58333333	-2.47
2006.66666667	-1.02
2006.75	-1.97
2006.83333333	1.70
2006.91666667	3.08
2007.0	1.77
2007.08333333	0.42
2007.16666667	2.03
2007.25	-0.10
2007.33333333	0.62
2007.41666667	-3.34
2007.5	-1.05
2007.58333333	-3.41
2007.66666667	-1.18
2007.75	-0.02
2007.83333333	-1.67
2007.91666667	1.42
2008.0	1.87
2008.08333333	1.81
2008.16666667	0.37
2008.25	-2.02
2008.33333333	-3.26
2008.41666667	-2.05
2008.5	-1.38
2008.58333333	-0.21
2008.66666667	-2.07
2008.75	0.01
2008.83333333	-1.30
2008.91666667	-0.58
2009.0	0.61
2009.08333333	-1.43
2009.16666667	0.15
2009.25	1.74
2009.33333333	1.52
2009.41666667	-3.05
2009.5	-0.92
2009.58333333	1.07
2009.66666667	-0.63
2009.75	-2.00
2009.83333333	1.68
2009.91666667	-3.72
2010.0	-2.38
2010.08333333	-3.25
2010.16666667	-0.80
2010.25	-1.03
2010.33333333	-1.66
2010.41666667	-2.40
2010.5	0.06
2010.58333333	-2.01
2010.66666667	-2.38
2010.75	-2.41
2010.83333333	-3.34
2010.91666667	-4.62
2011.0	-1.38
2011.08333333	2.79
2011.16666667	-0.44
2011.25	2.39
2011.33333333	1.08
2011.41666667	-1.58
2011.5	-3.39
2011.58333333	-0.18
2011.66666667	2.97
2011.75	1.45
2011.83333333	0.74
2011.91666667	3.20
2012.0	2.05
2012.08333333	1.2
2012.16666667	1.78
2012.25	-2.36
2012.33333333	-0.83
2012.41666667	-2.58
2012.5	-1.31
2012.58333333	-0.44
2012.66666667	-1.44
2012.75	-3.21
2012.83333333	-1.11
2012.91666667	0.60
2013.0	1.08
2013.08333333	-0.26
2013.16666667	-3.75
2013.25	0.03
2013.33333333	1.23
2013.41666667	1.40
2013.5	2.52
2013.58333333	2.16
2013.66666667	-0.57
2013.75	-0.36
2013.83333333	0.04
2013.91666667	3.54
2014.0	0.71
2014.08333333	2.32
2014.16666667	1.64
2014.25	0.84
2014.33333333	-0.08
2014.41666667	-1.98
2014.5	0.91
2014.58333333	-1.14
2014.66666667	-2.10
2014.75	0.31
2014.83333333	-2.17
2014.91666667	1.89
2015.0	2.81
2015.08333333	1.47
2015.16666667	1.99
2015.25	1.03
2015.33333333	2.09
2015.41666667	0.28
2015.5	-2.16
2015.58333333	1.47
2015.66666667	-1.65
2015.75	-1.13
2015.83333333	3.54
2015.91666667	4.22
2016.0	1.16
2016.08333333	1.61
2016.16666667	0.33
2016.25	-2.06
2016.33333333	-0.82
2016.41666667	-1.27
2016.5	2.18
2016.58333333	2.14
2016.66666667	2.45
2016.75	-1.47
2016.83333333	-1.61
2016.91666667	2.10
2017.0	0.17
2017.08333333	1.38
2017.16666667	1.05
2017.25	1.50
2017.33333333	0.38
2017.41666667	-0.55
2017.5	0.10
2017.58333333	-0.04
2017.66666667	1.42
2017.75	1.36
2017.83333333	-0.90
2017.91666667	1.00
2018.0	1.82
2018.08333333	-0.10
2018.16666667	-99.99
2018.25	-99.99
2018.33333333	-99.99
2018.41666667	-99.99
2018.5	-99.99
2018.58333333	-99.99
2018.66666667	-99.99
2018.75	-99.99
2018.83333333	-99.99
2018.91666667	-99.99
